1 2 
3 4 
5 6 
1 7 
8 9 
10 11 
12 13 
14 15 
16 17 
18 19 
20 7 
16 21 
1 22 
10 23 
24 25 
10 26 
27 28 
20 2 
29 26 
30 13 
31 28 
16 32 
33 34 
29 11 
35 36 
10 37 
38 2 
31 39 
40 41 
29 42 
31 43 
10 42 
44 45 
46 47 
48 43 
24 49 
50 9 
51 52 
53 54 
10 55 
56 43 
57 58 
16 59 
60 61 
27 62 
63 64 
65 66 
67 68 
48 28 
69 70 
71 72 
73 74 
75 76 
77 78 
56 28 
31 79 
80 11 
38 81 
29 23 
27 82 
53 83 
84 85 
86 87 
38 76 
88 89 
90 2 
91 92 
93 94 
95 96 
44 97 
98 14 
10 99 
100 85 
101 7 
27 102 
56 79 
103 6 
104 105 
5 52 
27 106 
67 107 
38 108 
10 109 
110 111 
10 112 
113 75 
29 114 
10 115 
16 116 
117 14 
27 43 
90 118 
119 120 
38 121 
122 14 
97 123 
124 125 
56 82 
8 126 
127 128 
129 130 
1 131 
132 133 
134 11 
8 135 
136 14 
137 138 
139 14 
27 140 
75 113 
48 39 
29 141 
78 77 
69 142 
143 144 
145 28 
73 128 
146 147 
73 127 
148 70 
29 149 
52 150 
27 145 
151 152 
153 154 
124 94 
51 150 
56 145 
155 156 
31 157 
18 158 
101 2 
159 160 
29 161 
31 62 
162 163 
48 31 
104 164 
129 165 
1 166 
33 74 
31 102 
38 7 
127 167 
168 169 
151 170 
5 171 
5 163 
172 173 
174 76 
38 22 
175 176 
38 177 
124 178 
174 179 
122 180 
181 182 
5 150 
10 183 
184 87 
24 185 
184 186 
38 187 
110 188 
8 189 
132 190 
191 192 
10 193 
33 9 
67 194 
60 195 
196 197 
198 199 
137 200 
31 145 
201 202 
145 82 
203 204 
10 161 
205 135 
44 206 
143 207 
56 102 
38 208 
113 209 
210 6 
110 211 
29 55 
33 212 
213 9 
151 214 
215 216 
217 218 
31 219 
56 220 
175 221 
174 222 
201 223 
224 225 
51 226 
48 79 
24 107 
10 209 
227 228 
38 229 
230 218 
203 231 
232 233 
90 234 
235 236 
10 237 
134 26 
91 238 
239 240 
10 241 
136 242 
73 167 
243 244 
127 245 
246 85 
90 247 
48 62 
95 17 
248 249 
24 250 
29 99 
10 251 
75 252 
90 253 
48 102 
56 62 
254 255 
254 74 
53 256 
155 257 
56 157 
258 94 
132 259 
95 260 
29 261 
262 263 
50 223 
264 36 
33 265 
243 94 
10 266 
267 87 
103 268 
269 147 
270 215 
51 271 
48 219 
48 157 
14 180 
272 224 
273 274 
38 275 
134 149 
125 163 
68 122 
20 22 
232 276 
50 260 
90 277 
205 192 
254 267 
38 252 
78 118 
278 279 
155 280 
281 282 
73 283 
284 223 
10 285 
51 286 
52 287 
191 288 
29 209 
289 290 
291 292 
254 293 
294 295 
296 227 
5 286 
29 297 
8 298 
5 299 
27 157 
38 300 
175 301 
145 43 
302 85 
303 37 
304 305 
40 306 
256 83 
232 307 
95 9 
210 171 
308 309 
80 55 
310 309 
31 82 
57 311 
312 50 
269 233 
10 313 
314 315 
198 316 
317 318 
10 149 
319 320 
294 107 
321 322 
33 323 
321 324 
325 326 
73 265 
327 96 
145 56 
224 328 
27 329 
330 218 
201 17 
50 17 
198 182 
224 331 
38 49 
24 199 
332 333 
132 334 
335 336 
337 338 
339 340 
341 342 
10 343 
344 197 
172 345 
346 41 
127 347 
170 348 
27 349 
56 219 
350 351 
352 353 
27 56 
67 316 
95 189 
110 354 
355 356 
80 149 
339 357 
232 358 
203 96 
359 268 
90 360 
137 361 
174 362 
363 364 
80 365 
92 366 
367 153 
198 342 
90 368 
53 369 
10 370 
294 371 
372 215 
304 373 
374 218 
14 375 
184 376 
377 97 
27 39 
378 153 
290 364 
379 380 
127 283 
52 299 
381 382 
73 245 
48 82 
383 384 
378 385 
342 197 
95 204 
3 386 
29 109 
10 187 
75 387 
38 388 
29 115 
57 389 
319 267 
314 390 
95 225 
113 391 
205 356 
56 349 
392 319 
339 393 
10 114 
269 358 
16 394 
139 122 
395 56 
31 329 
38 396 
80 99 
201 397 
398 399 
71 400 
342 353 
127 93 
401 85 
122 375 
10 297 
80 42 
402 403 
92 404 
352 405 
239 406 
127 407 
10 408 
330 217 
409 410 
411 412 
56 413 
31 349 
224 414 
346 415 
46 416 
162 417 
262 418 
8 356 
132 419 
104 420 
10 421 
314 422 
175 423 
196 353 
5 424 
38 425 
110 49 
113 426 
427 220 
181 428 
5 226 
429 374 
101 147 
175 430 
203 431 
71 316 
284 432 
38 433 
38 434 
92 435 
52 436 
52 271 
51 287 
38 437 
29 438 
50 439 
440 94 
134 209 
344 267 
5 441 
198 197 
442 443 
143 444 
312 135 
103 445 
124 218 
132 446 
447 448 
449 450 
29 451 
232 452 
12 453 
290 339 
454 455 
50 356 
264 456 
10 141 
457 362 
51 458 
33 459 
205 293 
355 130 
256 53 
10 460 
461 321 
462 218 
463 260 
5 464 
5 465 
27 79 
38 466 
467 199 
129 468 
210 52 
33 441 
469 66 
470 471 
212 472 
473 190 
474 475 
129 105 
269 276 
344 353 
168 476 
73 165 
477 433 
38 478 
312 356 
269 479 
270 480 
429 318 
442 441 
34 218 
127 481 
78 311 
191 482 
95 483 
80 26 
321 484 
1 485 
52 464 
284 439 
159 58 
95 486 
487 488 
308 489 
314 490 
198 491 
3 76 
474 85 
80 285 
134 261 
463 267 
80 161 
294 492 
1 20 
196 405 
125 94 
33 293 
469 493 
350 494 
174 396 
495 9 
269 496 
497 163 
374 448 
198 498 
95 499 
500 366 
127 501 
80 53 
125 417 
50 502 
346 92 
308 356 
503 49 
272 504 
461 353 
505 506 
71 507 
284 508 
95 202 
267 376 
232 509 
510 511 
5 512 
335 513 
48 514 
67 515 
95 62 
29 237 
80 209 
77 476 
516 517 
119 518 
172 519 
155 520 
56 48 
500 521 
101 135 
103 522 
523 470 
314 524 
16 400 
525 526 
442 527 
235 528 
110 163 
124 529 
303 530 
359 178 
220 66 
5 531 
50 532 
86 376 
198 107 
533 534 
284 247 
535 536 
33 194 
278 526 
80 313 
77 537 
538 539 
52 226 
51 540 
168 107 
71 541 
137 268 
442 542 
191 543 
38 544 
35 66 
510 67 
296 339 
220 470 
545 546 
27 514 
477 547 
145 31 
243 440 
548 549 
201 550 
50 551 
533 540 
552 122 
67 122 
553 554 
312 555 
151 348 
29 313 
201 231 
556 217 
198 250 
174 434 
443 557 
290 558 
224 504 
289 339 
215 559 
181 400 
213 96 
90 432 
159 560 
561 562 
344 563 
50 564 
33 165 
73 565 
500 566 
110 567 
162 525 
50 190 
48 329 
363 568 
46 153 
122 68 
110 295 
44 569 
269 570 
201 571 
119 572 
573 574 
52 286 
75 575 
442 576 
577 197 
67 510 
503 218 
578 579 
254 125 
269 208 
1 110 
374 580 
447 374 
198 581 
137 17 
470 523 
476 473 
582 583 
584 585 
110 371 
463 586 
246 587 
124 130 
10 588 
80 589 
134 590 
134 591 
294 400 
592 304 
461 563 
352 593 
594 58 
67 595 
95 118 
212 596 
38 597 
598 353 
10 599 
80 408 
129 600 
129 560 
332 601 
5 480 
51 602 
63 603 
90 499 
46 604 
473 334 
110 437 
355 605 
119 606 
184 607 
608 346 
584 609 
610 611 
38 131 
553 612 
103 540 
613 311 
614 615 
20 166 
73 459 
318 409 
53 616 
95 617 
38 166 
427 618 
218 619 
440 620 
201 621 
538 622 
374 217 
90 96 
48 349 
623 624 
67 541 
38 23 
427 14 
440 93 
614 582 
625 573 
50 626 
278 627 
71 628 
205 629 
205 630 
31 514 
3 432 
124 631 
294 632 
129 633 
8 634 
635 309 
352 636 
395 342 
398 637 
71 638 
408 490 
145 157 
24 639 
294 640 
269 641 
201 642 
5 643 
330 557 
86 644 
213 334 
137 645 
473 646 
218 647 
553 153 
29 648 
29 649 
184 650 
651 652 
325 653 
51 400 
278 654 
205 655 
317 528 
29 37 
73 528 
350 656 
584 657 
56 658 
659 660 
38 661 
65 647 
339 290 
80 662 
232 570 
510 663 
184 664 
497 512 
51 665 
198 353 
477 666 
110 667 
578 668 
80 669 
332 670 
16 220 
75 671 
447 218 
552 642 
97 672 
103 673 
124 674 
18 352 
181 675 
429 448 
33 676 
73 677 
137 9 
205 678 
623 679 
53 680 
235 681 
38 682 
230 619 
162 683 
175 92 
181 684 
591 685 
147 686 
174 687 
284 502 
95 223 
246 500 
355 688 
124 689 
29 690 
77 58 
691 692 
181 693 
651 147 
635 586 
383 694 
20 695 
147 630 
48 413 
696 697 
363 698 
577 353 
53 699 
191 700 
145 219 
212 701 
246 702 
134 161 
294 703 
92 91 
119 704 
5 705 
497 706 
707 27 
78 499 
174 708 
284 17 
67 709 
95 397 
710 711 
712 713 
38 714 
10 177 
80 141 
314 383 
258 715 
321 716 
538 717 
497 718 
148 153 
335 719 
205 720 
721 722 
552 204 
145 79 
44 723 
124 724 
175 725 
726 25 
125 440 
497 194 
172 727 
75 58 
533 486 
205 728 
411 729 
730 731 
732 733 
235 526 
67 511 
212 734 
97 569 
463 735 
44 672 
339 736 
80 183 
134 109 
291 737 
196 738 
184 739 
635 740 
50 653 
608 741 
533 742 
56 39 
487 743 
110 512 
84 96 
215 744 
194 745 
303 746 
303 23 
747 629 
5 1 
330 619 
78 76 
198 693 
362 502 
473 476 
129 676 
57 49 
194 643 
67 748 
342 636 
503 448 
463 663 
215 749 
573 268 
325 750 
78 512 
198 751 
137 539 
212 674 
110 752 
598 525 
463 546 
124 422 
16 753 
747 557 
94 647 
51 754 
90 755 
137 360 
310 316 
69 697 
568 756 
14 757 
113 758 
312 759 
103 760 
317 311 
124 217 
80 421 
196 761 
762 647 
172 9 
51 299 
73 763 
63 642 
449 223 
764 667 
145 765 
712 766 
440 697 
767 448 
162 643 
65 768 
201 96 
510 769 
75 770 
771 622 
205 700 
38 772 
38 773 
774 618 
355 105 
262 775 
124 527 
294 776 
232 269 
201 76 
203 499 
461 197 
450 777 
556 318 
442 778 
442 541 
145 603 
779 780 
34 781 
14 122 
127 782 
65 783 
57 784 
457 652 
203 135 
538 223 
181 629 
398 168 
27 48 
50 778 
771 785 
90 786 
31 787 
95 788 
110 789 
230 790 
269 791 
402 792 
181 793 
383 524 
50 794 
71 709 
235 717 
67 793 
95 231 
319 160 
463 740 
440 795 
134 408 
523 796 
88 583 
194 713 
303 353 
372 797 
50 720 
168 751 
73 52 
696 798 
56 27 
95 799 
101 800 
801 802 
10 353 
803 733 
269 307 
269 452 
269 804 
16 805 
203 512 
372 806 
807 808 
374 631 
51 693 
174 809 
284 810 
378 70 
46 811 
38 812 
14 72 
254 265 
262 813 
294 684 
523 814 
303 735 
51 436 
815 816 
817 818 
503 631 
254 130 
803 819 
269 820 
402 733 
377 821 
822 823 
90 76 
696 824 
284 489 
284 397 
442 400 
155 245 
342 825 
342 826 
98 572 
110 827 
110 828 
392 220 
829 470 
162 830 
29 831 
134 313 
523 647 
175 832 
181 316 
461 833 
497 353 
78 64 
198 793 
533 834 
235 165 
95 835 
95 836 
267 247 
212 837 
38 838 
355 165 
10 831 
1 163 
184 839 
71 840 
73 130 
205 14 
53 841 
14 540 
24 119 
24 491 
246 842 
355 653 
44 123 
10 197 
80 843 
134 844 
194 830 
18 92 
461 845 
40 846 
447 847 
848 157 
698 568 
213 531 
148 644 
284 9 
442 507 
3 360 
473 298 
448 304 
101 76 
35 692 
103 849 
124 850 
10 365 
80 851 
510 852 
203 62 
538 486 
125 830 
181 853 
220 854 
50 22 
90 7 
533 796 
577 636 
764 295 
267 702 
855 761 
122 856 
97 857 
110 858 
774 859 
262 583 
124 296 
124 860 
294 789 
201 311 
203 546 
861 107 
862 863 
325 864 
51 697 
20 213 
469 865 
212 866 
38 867 
38 387 
101 868 
101 869 
427 870 
312 223 
136 871 
80 237 
523 740 
8 872 
175 873 
201 874 
538 432 
63 204 
63 46 
48 145 
310 699 
577 833 
153 211 
267 64 
779 875 
162 876 
162 773 
314 632 
877 633 
181 709 
635 878 
304 441 
352 879 
707 834 
27 219 
20 880 
881 60 
552 118 
53 432 
473 882 
127 883 
10 851 
516 884 
510 551 
1 885 
651 761 
383 886 
862 697 
73 653 
63 573 
552 546 
363 697 
145 102 
97 662 
110 887 
113 366 
495 459 
162 888 
124 816 
803 889 
538 890 
807 891 
771 96 
892 583 
552 893 
284 894 
212 895 
97 896 
897 218 
80 200 
77 834 
1 819 
898 890 
469 899 
469 900 
771 846 
48 901 
235 692 
95 508 
110 902 
110 903 
101 22 
503 7 
35 904 
312 96 
312 905 
246 906 
355 706 
907 908 
151 268 
314 640 
232 708 
450 557 
325 909 
172 6 
63 910 
148 618 
892 869 
284 911 
143 607 
124 653 
10 912 
80 913 
8 692 
201 499 
510 914 
807 765 
461 125 
915 916 
917 618 
71 684 
771 666 
892 918 
378 919 
56 787 
35 908 
463 920 
246 678 
30 921 
359 922 
898 863 
125 923 
198 632 
924 204 
148 400 
48 925 
31 926 
342 927 
95 819 
38 928 
80 114 
175 342 
457 929 
92 539 
75 930 
931 932 
771 933 
73 633 
63 153 
137 934 
449 204 
67 840 
568 146 
98 213 
503 660 
392 935 
124 866 
124 236 
273 713 
78 936 
213 268 
148 19 
730 487 
31 798 
342 593 
95 534 
239 153 
267 937 
38 938 
38 147 
110 939 
136 486 
8 940 
194 941 
203 874 
538 942 
943 353 
220 944 
20 49 
73 945 
533 946 
31 413 
878 525 
124 947 
201 948 
1 147 
296 949 
198 400 
73 2 
137 304 
235 872 
93 863 
56 629 
95 950 
267 489 
38 951 
319 952 
151 622 
294 581 
269 953 
181 638 
497 633 
707 655 
75 295 
50 334 
78 223 
284 874 
53 810 
235 845 
95 882 
46 954 
473 512 
24 68 
427 655 
254 955 
355 512 
29 956 
10 2 
60 703 
258 957 
510 958 
196 959 
168 960 
137 644 
449 961 
155 501 
31 48 
67 962 
659 287 
246 963 
246 527 
124 964 
151 965 
80 966 
194 967 
201 534 
181 968 
181 969 
51 970 
78 537 
168 971 
771 247 
73 605 
205 972 
93 761 
67 199 
346 692 
124 846 
80 973 
803 526 
1 417 
296 713 
132 819 
497 974 
51 975 
381 911 
771 589 
90 182 
577 976 
95 977 
98 911 
38 110 
24 752 
503 25 
124 978 
29 208 
294 316 
146 979 
8 168 
314 295 
181 980 
981 369 
75 49 
848 145 
73 347 
67 982 
779 267 
103 983 
124 93 
29 530 
80 115 
80 984 
80 261 
129 765 
296 846 
461 636 
210 465 
5 985 
147 119 
892 697 
623 58 
38 844 
269 590 
16 986 
194 987 
988 989 
591 990 
304 512 
227 105 
75 991 
278 630 
881 992 
552 750 
191 993 
67 994 
103 360 
262 995 
232 996 
88 526 
538 997 
591 73 
325 551 
50 882 
278 692 
198 595 
771 555 
73 998 
174 889 
337 999 
127 640 
312 653 
151 683 
151 1000 
80 177 
80 1001 
803 290 
175 1002 
232 746 
16 1003 
217 287 
591 1004 
943 1005 
711 1006 
51 298 
198 1007 
71 595 
137 432 
362 551 
110 643 
312 1008 
246 1009 
535 247 
801 702 
124 761 
294 1010 
314 703 
258 1011 
258 1012 
258 467 
201 1013 
132 591 
181 1014 
807 1015 
5 1016 
50 268 
78 1017 
337 459 
53 223 
155 1018 
38 1019 
829 435 
312 432 
103 1020 
495 130 
495 25 
262 66 
124 1021 
80 451 
80 623 
401 1022 
269 745 
538 992 
92 346 
184 697 
125 1023 
181 498 
815 1024 
817 85 
71 1025 
71 693 
73 621 
235 1026 
95 502 
98 484 
127 559 
312 296 
312 997 
134 233 
803 583 
269 1027 
516 1028 
461 1029 
917 655 
917 527 
73 1030 
1031 525 
730 1032 
31 1033 
67 1034 
362 334 
212 1035 
38 991 
254 105 
124 1036 
124 426 
10 1037 
573 1038 
18 1039 
1040 834 
1040 135 
383 766 
78 946 
381 781 
71 433 
73 679 
90 1041 
174 1042 
552 499 
442 316 
159 293 
267 252 
101 1043 
317 773 
124 1044 
151 296 
10 1045 
80 1046 
134 141 
134 1047 
203 642 
203 586 
497 587 
71 624 
771 268 
90 1048 
205 1049 
892 146 
267 692 
503 76 
1050 814 
1051 1052 
262 224 
232 791 
16 903 
196 1053 
296 637 
181 541 
352 1054 
51 1055 
51 978 
815 765 
73 481 
881 692 
90 1056 
145 349 
98 746 
319 1057 
254 846 
355 1058 
10 438 
80 1059 
201 204 
201 49 
119 1060 
181 1061 
210 480 
381 1062 
381 1063 
552 810 
442 751 
243 1064 
267 432 
779 972 
38 1065 
355 633 
124 629 
151 647 
80 831 
294 1066 
57 946 
57 1067 
1 1068 
497 636 
374 975 
51 464 
51 1069 
168 1070 
771 118 
337 369 
696 1071 
342 343 
362 1072 
38 1073 
84 163 
679 11 
294 541 
294 748 
314 639 
269 643 
91 1074 
461 629 
461 1075 
1076 319 
227 765 
447 872 
78 948 
198 1077 
881 975 
1078 871 
3 621 
113 295 
312 502 
246 512 
151 555 
175 268 
691 1069 
1 643 
861 766 
18 863 
168 1079 
168 684 
721 1080 
449 1081 
53 431 
53 252 
159 1082 
67 684 
98 674 
110 639 
578 484 
151 9 
80 1083 
134 237 
16 1084 
613 773 
168 298 
624 1085 
73 970 
174 1086 
48 1087 
442 1088 
779 628 
467 595 
767 1089 
151 62 
29 590 
57 1090 
16 1091 
538 296 
1 1019 
573 36 
1040 1063 
27 413 
78 295 
198 969 
137 260 
462 746 
191 1092 
67 1093 
110 441 
503 695 
29 241 
80 1094 
57 781 
232 820 
201 1095 
181 1096 
5 417 
505 1097 
75 639 
33 245 
78 550 
449 334 
38 25 
500 165 
24 1098 
124 1099 
129 122 
592 14 
1 871 
18 1100 
807 1101 
172 560 
50 1102 
1103 49 
624 773 
771 9 
771 750 
137 546 
205 194 
1031 1104 
48 787 
212 1064 
473 47 
312 1105 
103 267 
162 628 
535 172 
10 1106 
134 966 
294 638 
129 43 
16 1107 
303 591 
203 911 
132 445 
5 1108 
227 978 
374 1064 
90 108 
609 1109 
892 761 
623 240 
284 64 
764 819 
24 1110 
254 1111 
103 1025 
801 946 
124 31 
124 633 
124 1112 
151 605 
10 1113 
80 649 
125 643 
497 417 
51 1114 
33 14 
73 28 
881 929 
90 22 
1031 618 
284 260 
212 693 
355 765 
264 1115 
151 1116 
80 1117 
80 466 
294 1118 
303 301 
303 1119 
201 546 
538 674 
359 73 
296 1120 
181 746 
497 164 
168 1121 
822 1122 
71 994 
90 1123 
584 1124 
284 1125 
212 1126 
473 287 
254 1127 
877 441 
203 202 
1 766 
296 746 
815 122 
198 307 
71 983 
159 621 
262 526 
124 697 
151 655 
16 304 
92 18 
92 76 
383 887 
5 1128 
33 1129 
78 583 
698 1130 
771 539 
442 484 
191 534 
95 296 
267 1131 
212 1132 
127 1133 
151 1134 
134 285 
401 1135 
77 1136 
203 810 
538 869 
296 1137 
497 745 
168 1138 
73 560 
721 252 
623 618 
151 165 
80 1139 
294 697 
538 836 
1 1140 
92 1141 
125 1109 
50 499 
168 1142 
310 1120 
462 674 
552 936 
442 872 
31 1143 
110 872 
136 1032 
124 1144 
124 73 
124 1114 
151 911 
232 487 
78 639 
78 110 
198 436 
71 1145 
771 223 
67 1146 
95 642 
3 574 
38 1147 
829 1148 
103 1149 
103 628 
495 1127 
124 754 
80 1150 
172 138 
213 260 
462 1151 
284 1102 
46 1152 
212 487 
38 1153 
500 1154 
392 1155 
1156 1157 
264 663 
151 574 
294 840 
201 432 
1 639 
726 220 
1158 901 
771 761 
137 499 
95 1159 
267 750 
38 72 
113 1160 
84 1161 
339 1162 
151 880 
573 223 
5 1163 
227 1097 
374 1164 
50 360 
213 6 
771 499 
335 1165 
552 360 
155 1166 
427 1167 
312 1081 
80 588 
538 120 
196 1168 
50 1169 
78 621 
584 1109 
284 571 
31 1170 
127 1171 
127 1172 
29 1173 
10 451 
203 1174 
203 604 
538 253 
184 1175 
184 245 
505 387 
78 819 
771 287 
771 1176 
73 765 
1177 819 
67 1178 
38 1179 
254 52 
254 697 
355 1180 
679 766 
10 557 
175 1181 
877 323 
538 602 
181 975 
398 1064 
815 1055 
698 1182 
213 223 
881 1183 
3 64 
3 582 
427 1184 
877 653 
538 184 
12 360 
181 540 
5 1185 
172 679 
198 636 
771 1186 
90 424 
46 14 
467 746 
124 1187 
124 1188 
10 1189 
80 266 
196 1190 
181 1191 
181 982 
227 1192 
90 371 
90 864 
205 901 
145 1193 
500 653 
355 313 
10 966 
77 1069 
198 1194 
771 929 
771 550 
267 356 
38 1195 
110 1196 
127 439 
103 1197 
246 1011 
162 1109 
535 118 
124 1138 
389 323 
201 671 
92 1107 
119 792 
33 1089 
771 948 
477 290 
881 1177 
137 96 
191 1198 
46 1199 
467 316 
124 693 
80 595 
92 992 
125 876 
51 631 
33 1049 
137 1200 
442 638 
159 459 
578 1064 
103 352 
80 386 
134 1201 
294 507 
78 58 
168 765 
198 983 
198 541 
771 653 
721 1059 
155 555 
95 64 
95 1202 
38 998 
127 1203 
124 323 
151 814 
29 1204 
134 1205 
129 1127 
201 1206 
771 604 
205 1089 
284 22 
46 1207 
473 894 
473 1208 
500 1209 
829 1210 
312 697 
162 1211 
134 541 
50 929 
33 1212 
624 1213 
73 1214 
267 550 
46 891 
24 1109 
503 928 
578 1215 
84 1049 
246 954 
262 1077 
124 1216 
16 1177 
201 424 
227 587 
398 76 
198 1217 
198 1218 
137 1219 
137 663 
137 574 
442 468 
267 1220 
110 830 
503 1221 
124 1222 
264 541 
151 1011 
10 1204 
134 956 
129 1223 
16 541 
181 996 
51 1224 
1158 970 
71 540 
779 1111 
801 1225 
124 1226 
80 1227 
16 1228 
203 904 
538 96 
181 1218 
50 1095 
698 946 
95 1229 
652 147 
38 1230 
24 1231 
448 369 
246 746 
801 249 
203 1232 
203 1233 
398 596 
51 1234 
284 259 
239 356 
110 640 
127 1235 
151 28 
10 649 
294 1069 
296 1236 
92 1237 
75 293 
33 580 
78 1149 
624 1238 
771 1239 
310 923 
159 2 
67 1240 
38 967 
127 667 
801 1241 
151 1242 
151 369 
134 887 
294 1194 
294 1080 
203 362 
227 130 
90 268 
205 1243 
721 1074 
764 840 
95 369 
98 145 
500 1244 
355 679 
151 397 
10 984 
294 667 
201 1011 
181 687 
591 702 
398 1245 
51 250 
51 1246 
78 1069 
698 869 
213 909 
73 506 
335 839 
137 366 
442 1247 
31 997 
3 489 
110 1109 
448 1248 
103 869 
355 1249 
1250 1011 
134 872 
401 818 
538 361 
181 1251 
5 975 
624 391 
335 1252 
137 14 
284 1253 
31 1089 
392 1254 
829 1255 
578 1256 
103 1257 
124 1258 
151 1259 
151 1243 
29 370 
294 1260 
401 1261 
1262 309 
861 581 
296 1162 
5 677 
78 1239 
771 925 
137 28 
205 11 
205 1111 
31 1164 
31 1263 
95 1264 
38 1265 
467 793 
24 122 
1266 924 
312 1149 
312 486 
495 596 
355 360 
907 766 
262 1079 
124 1246 
124 419 
151 637 
10 1173 
134 49 
877 316 
201 62 
203 268 
203 1133 
203 432 
181 1267 
51 875 
771 486 
73 1033 
95 904 
467 709 
467 515 
503 1043 
578 1210 
124 1268 
124 1269 
151 491 
151 306 
29 1270 
129 123 
146 295 
201 1271 
132 527 
573 1272 
12 1273 
1103 525 
168 1274 
624 623 
155 936 
3 1149 
3 499 
473 223 
24 1275 
503 1064 
127 1125 
312 1276 
767 706 
355 850 
355 1277 
10 391 
57 52 
861 199 
51 1278 
198 295 
137 223 
48 1279 
721 1109 
284 1280 
442 199 
113 575 
389 1210 
175 534 
877 567 
726 816 
573 1174 
75 1074 
50 120 
137 874 
337 808 
284 534 
442 1218 
312 7 
495 293 
355 816 
29 1281 
538 1282 
573 555 
1158 387 
73 360 
779 640 
312 64 
162 145 
134 1283 
201 572 
538 1215 
861 962 
119 521 
5 1284 
227 145 
505 913 
78 1104 
205 245 
284 1285 
95 334 
767 1170 
84 1009 
151 1286 
80 591 
1287 582 
359 565 
359 763 
51 628 
505 850 
771 1288 
771 1013 
771 1289 
442 595 
442 515 
500 400 
113 887 
448 1133 
312 936 
294 630 
175 435 
203 1125 
203 814 
635 287 
591 887 
1290 317 
51 1291 
1103 702 
624 808 
624 1292 
213 190 
73 1097 
48 231 
117 130 
67 993 
3 911 
473 1239 
448 1223 
312 761 
312 1293 
495 1294 
246 1114 
355 1295 
355 316 
124 1210 
573 64 
1296 1297 
90 369 
48 1170 
427 887 
767 998 
151 539 
10 1298 
294 1299 
294 1300 
203 655 
203 189 
538 551 
5 574 
95 1095 
127 639 
246 1301 
124 1302 
124 105 
203 572 
203 647 
203 1303 
538 1304 
861 1057 
726 743 
227 1305 
227 459 
75 1306 
213 551 
771 135 
284 1307 
155 1308 
878 527 
29 1119 
29 266 
29 1001 
134 1309 
134 38 
296 605 
12 1097 
33 1294 
73 513 
284 1310 
95 328 
110 1311 
448 1312 
767 1141 
907 527 
203 1313 
181 994 
50 512 
78 876 
198 776 
771 905 
284 1232 
95 532 
312 1051 
151 1293 
203 929 
92 64 
50 432 
198 1314 
771 1315 
90 1316 
48 622 
284 190 
442 709 
95 1317 
95 1318 
473 814 
473 1319 
124 1320 
124 211 
201 946 
573 432 
12 560 
181 515 
78 486 
442 793 
1177 525 
239 353 
201 508 
201 360 
1277 1321 
227 1089 
624 1322 
71 1323 
90 539 
117 560 
155 589 
95 120 
24 1324 
246 637 
878 268 
10 425 
294 709 
77 639 
203 1183 
203 502 
538 679 
1 660 
132 1325 
213 1326 
90 64 
155 135 
3 948 
38 1327 
24 1328 
246 1329 
355 566 
124 808 
124 316 
151 674 
134 766 
294 1077 
294 962 
201 663 
201 64 
203 190 
92 1320 
5 830 
227 566 
505 972 
78 594 
284 622 
95 146 
95 586 
467 748 
312 911 
103 539 
134 434 
201 1102 
538 2 
817 1330 
78 887 
771 1259 
1177 1184 
113 695 
127 1169 
679 839 
877 1127 
201 1331 
203 1332 
90 621 
137 586 
284 1081 
1177 1238 
151 540 
33 260 
78 701 
78 397 
1333 1334 
198 593 
198 1025 
137 1335 
48 538 
48 866 
721 1011 
495 105 
84 1177 
151 904 
146 267 
538 911 
78 432 
198 1336 
95 1156 
312 1239 
312 534 
124 1337 
134 1338 
294 1240 
294 1339 
129 1340 
203 742 
1277 47 
213 799 
73 600 
881 334 
137 1095 
284 929 
67 1341 
312 693 
312 750 
103 534 
151 1342 
12 1343 
181 595 
78 1200 
78 1344 
205 1305 
721 743 
284 871 
95 1174 
38 1345 
262 1346 
262 107 
151 621 
151 1347 
201 1348 
5 745 
5 1349 
227 596 
227 1243 
505 998 
90 836 
310 746 
310 1350 
159 1012 
473 432 
312 724 
103 992 
151 1351 
538 1352 
50 799 
198 1353 
48 56 
337 1114 
284 1354 
442 250 
38 1355 
113 512 
578 1356 
254 9 
124 268 
151 1357 
10 1119 
294 827 
294 913 
538 1107 
227 674 
51 709 
78 202 
71 1218 
335 748 
137 1358 
137 1125 
310 839 
284 1359 
779 1170 
124 360 
57 1059 
389 596 
119 1360 
119 840 
51 1361 
335 891 
137 622 
284 491 
95 531 
312 508 
151 950 
8 190 
203 534 
359 293 
92 118 
172 1362 
51 1336 
505 839 
50 397 
33 754 
198 1363 
284 362 
155 1364 
95 546 
500 1365 
500 130 
312 546 
57 727 
8 11 
538 1366 
92 1149 
172 1367 
1177 993 
95 356 
95 895 
467 1368 
500 916 
355 1369 
151 356 
294 983 
201 864 
203 1370 
296 978 
726 566 
172 1323 
198 709 
71 1079 
205 837 
1177 693 
38 1069 
24 1371 
254 165 
312 674 
84 165 
538 546 
92 1188 
591 22 
51 638 
33 512 
168 1372 
71 629 
205 1196 
24 1215 
427 150 
495 587 
679 677 
124 596 
151 929 
151 1373 
359 1374 
635 525 
497 816 
51 816 
51 1302 
48 1375 
48 1239 
48 1376 
284 1377 
155 1378 
155 559 
473 1379 
500 560 
10 1380 
201 1149 
201 1239 
1381 356 
227 400 
78 247 
48 1033 
48 926 
48 534 
721 366 
312 267 
57 1080 
175 1382 
201 586 
1383 94 
227 1384 
51 26 
33 1385 
78 674 
90 814 
90 1386 
95 1387 
267 245 
151 997 
29 1380 
8 334 
877 839 
635 25 
90 1149 
239 342 
312 1388 
312 628 
878 1211 
151 76 
151 1127 
29 591 
10 1389 
129 66 
51 122 
75 1011 
78 596 
73 1320 
477 1254 
137 836 
48 814 
284 572 
284 1390 
284 1110 
67 491 
239 113 
29 1113 
29 408 
1391 339 
8 1127 
1296 1392 
198 962 
1393 218 
442 983 
239 135 
113 714 
312 740 
124 1394 
538 1395 
92 555 
198 746 
284 936 
159 66 
95 655 
95 252 
267 130 
779 1148 
473 932 
878 296 
124 1396 
201 1134 
573 746 
50 617 
335 1397 
90 1352 
284 1398 
767 982 
124 2 
10 1399 
57 743 
175 62 
203 1400 
359 765 
78 766 
881 486 
90 1401 
721 640 
721 1402 
284 785 
159 1223 
95 692 
754 70 
239 197 
24 1403 
254 323 
355 1142 
878 618 
29 1404 
129 1249 
129 164 
201 1317 
497 639 
78 834 
213 532 
73 1203 
90 1405 
205 507 
95 1388 
95 1177 
500 525 
29 1047 
129 1212 
296 1210 
172 653 
51 507 
168 8 
335 701 
137 992 
95 1406 
312 631 
29 966 
77 594 
201 391 
201 1407 
538 1408 
497 593 
213 814 
71 982 
310 1409 
337 468 
38 1410 
129 1411 
573 674 
1296 1412 
78 1067 
213 1264 
71 1413 
137 47 
137 1414 
284 1415 
467 1011 
427 1142 
312 1416 
103 871 
262 589 
151 1417 
10 530 
8 293 
201 1366 
203 1418 
538 1176 
51 839 
213 942 
335 653 
284 1313 
442 1120 
67 1419 
95 929 
267 653 
473 1420 
767 1421 
679 706 
124 194 
124 1067 
50 864 
168 638 
73 971 
113 1120 
495 836 
84 674 
124 692 
10 1201 
10 1422 
129 1026 
401 1423 
132 1424 
573 402 
573 369 
497 808 
73 1395 
1177 1069 
267 929 
38 1425 
38 1426 
103 499 
767 1192 
124 970 
538 1427 
33 1428 
33 694 
78 1321 
205 190 
48 978 
442 560 
38 185 
312 1321 
312 1429 
262 1430 
389 839 
389 638 
538 761 
119 1104 
497 1431 
198 168 
198 935 
137 1432 
205 913 
95 1013 
95 1433 
95 1434 
151 1435 
10 1425 
90 1436 
48 603 
337 839 
442 540 
95 574 
38 1437 
312 1438 
679 1141 
10 1439 
573 1239 
497 1223 
33 487 
78 622 
73 1305 
335 449 
239 17 
473 1440 
124 1026 
124 1441 
124 560 
201 653 
201 486 
172 135 
505 416 
78 761 
71 107 
284 120 
442 628 
95 1442 
467 1080 
312 1095 
389 1443 
877 164 
201 252 
203 1042 
12 1444 
75 1445 
817 1446 
90 1447 
90 1127 
337 901 
907 702 
124 1323 
77 14 
389 1192 
203 1448 
132 1449 
172 1450 
78 1308 
213 486 
90 874 
442 419 
267 639 
38 913 
312 894 
129 1192 
877 945 
573 431 
505 891 
75 1079 
78 1451 
213 499 
73 93 
721 703 
117 1452 
117 638 
779 1210 
24 1453 
312 1454 
679 1067 
10 434 
129 512 
389 1455 
1456 1301 
726 271 
227 440 
50 1133 
50 788 
1103 267 
284 1442 
473 1457 
427 559 
767 765 
201 1415 
203 1319 
1458 561 
75 1459 
78 746 
198 515 
198 638 
73 334 
205 211 
205 416 
427 766 
29 1150 
203 284 
1383 93 
296 194 
51 1372 
168 1460 
213 1461 
90 1169 
113 1344 
312 369 
103 693 
907 1462 
124 701 
201 1200 
505 400 
33 211 
33 387 
198 576 
198 211 
73 1396 
137 1285 
205 1463 
473 1464 
495 439 
355 1234 
907 1249 
10 207 
119 58 
573 424 
168 245 
90 601 
284 1465 
38 930 
103 595 
124 1466 
29 1467 
10 144 
877 293 
877 1212 
227 1397 
73 1388 
90 1468 
137 785 
284 1469 
284 1470 
95 889 
267 1471 
779 840 
473 1032 
312 424 
312 796 
312 361 
355 983 
877 1385 
1472 16 
172 945 
51 1089 
51 107 
75 601 
78 814 
78 147 
213 259 
159 211 
1177 1473 
95 439 
38 1474 
312 202 
495 323 
495 1475 
679 323 
29 38 
201 1347 
5 420 
75 1133 
213 1239 
73 1114 
90 1476 
284 904 
312 1477 
124 1463 
129 978 
132 150 
132 546 
573 1149 
5 1478 
497 1479 
71 515 
1177 1088 
95 1331 
95 864 
95 911 
779 1089 
84 887 
29 1046 
129 632 
389 1033 
8 633 
132 1480 
573 2 
1481 738 
1482 470 
172 163 
51 245 
73 1109 
90 1483 
124 1484 
29 713 
10 261 
75 1067 
168 566 
213 1149 
38 174 
500 456 
254 706 
312 1448 
767 971 
124 484 
57 1011 
57 1109 
8 66 
8 467 
877 1249 
201 1485 
201 1486 
172 1033 
1296 74 
71 618 
335 901 
284 1487 
312 499 
124 435 
29 1488 
1262 1489 
505 971 
78 1136 
205 1367 
48 27 
721 655 
254 43 
679 1030 
201 904 
73 1278 
1490 194 
205 1491 
1177 295 
95 1232 
500 512 
500 436 
103 304 
296 590 
1481 353 
5 1492 
198 1291 
90 361 
95 489 
38 1493 
467 1109 
103 1400 
124 464 
124 1278 
359 130 
119 311 
172 1440 
505 816 
198 540 
213 1208 
335 525 
205 39 
48 1494 
337 590 
442 632 
1495 631 
500 692 
500 1372 
29 425 
1496 294 
8 836 
12 1497 
497 629 
1103 781 
284 268 
442 1093 
117 165 
1177 655 
473 929 
500 580 
355 632 
10 648 
573 1186 
505 426 
1103 1162 
335 665 
442 426 
124 513 
132 760 
1481 197 
635 1114 
505 62 
48 400 
721 713 
284 1498 
442 840 
95 1499 
38 902 
124 1500 
29 960 
8 1379 
296 638 
119 1501 
132 1087 
1381 655 
33 43 
78 1063 
168 1097 
284 1038 
442 1077 
95 1502 
124 564 
12 825 
227 1210 
168 1055 
205 1503 
721 1504 
1177 527 
95 76 
500 1170 
679 808 
124 293 
1262 1505 
12 692 
635 1019 
5 1506 
172 600 
78 1013 
213 886 
335 1097 
90 189 
103 618 
124 580 
8 369 
877 165 
573 1451 
573 905 
90 1507 
95 1352 
312 893 
767 66 
679 1024 
124 891 
129 539 
132 887 
5 660 
227 1111 
51 1088 
50 1208 
71 895 
721 789 
284 135 
467 207 
254 1212 
129 1396 
119 1064 
12 1466 
1277 607 
172 1114 
172 1508 
1509 1510 
337 1511 
284 814 
159 1214 
38 755 
500 765 
113 1067 
312 1280 
312 118 
103 527 
495 1067 
29 2 
29 1189 
877 677 
201 1512 
296 1223 
1076 952 
51 1079 
442 962 
779 1087 
38 1513 
103 904 
495 1514 
355 1097 
132 743 
635 1055 
213 929 
213 1354 
779 1515 
779 560 
1516 750 
124 1126 
1517 215 
51 639 
78 929 
213 1518 
284 1013 
284 96 
117 1519 
239 1520 
38 695 
113 1521 
103 486 
679 816 
10 478 
359 1522 
172 1523 
213 1379 
73 286 
205 891 
337 1460 
284 1524 
239 470 
38 1525 
254 816 
124 255 
57 366 
201 761 
635 781 
497 1508 
75 512 
198 1526 
71 962 
90 1527 
90 1395 
721 863 
284 1133 
95 1102 
113 316 
103 1323 
495 600 
355 436 
389 1528 
635 713 
51 1025 
33 901 
90 1529 
254 632 
84 911 
172 970 
1458 188 
335 754 
284 948 
284 1530 
117 541 
95 432 
95 1461 
312 1531 
312 260 
767 1114 
124 507 
129 1532 
296 441 
132 1533 
51 1534 
51 840 
71 793 
284 304 
284 722 
113 480 
312 1535 
495 1055 
355 441 
296 1356 
132 1301 
635 1536 
73 501 
90 17 
205 1537 
284 1538 
284 1432 
159 607 
113 628 
124 11 
29 588 
10 833 
51 1192 
50 1321 
335 219 
95 424 
312 1315 
51 1305 
505 422 
335 975 
721 299 
117 1539 
779 1375 
467 1145 
500 1540 
103 296 
29 1541 
8 1542 
51 449 
168 1540 
337 983 
312 144 
124 1543 
1277 58 
172 840 
75 1544 
50 489 
213 1308 
73 754 
205 1545 
205 1097 
113 643 
1546 819 
389 1372 
359 605 
33 2 
335 1503 
284 532 
442 1323 
779 1192 
8 1097 
51 1148 
33 6 
198 425 
213 946 
205 1547 
205 638 
442 1548 
442 596 
312 1549 
312 1550 
767 449 
124 1551 
10 1552 
8 1354 
726 356 
726 49 
1517 270 
497 876 
1553 655 
75 323 
50 1461 
817 580 
90 1232 
38 1554 
254 1097 
312 1378 
355 135 
124 630 
129 1385 
497 1555 
172 567 
172 1556 
51 1460 
168 1369 
284 1062 
284 1111 
767 1557 
355 694 
10 1150 
227 487 
51 891 
335 1033 
284 910 
284 1558 
467 840 
767 808 
29 1559 
389 1560 
296 839 
726 887 
573 1561 
335 1562 
95 22 
1148 403 
495 1256 
355 371 
124 472 
389 1256 
877 901 
573 1378 
573 17 
497 48 
51 576 
213 235 
213 1215 
38 162 
467 542 
29 1563 
29 193 
10 591 
389 102 
497 1311 
71 502 
73 580 
90 1151 
652 778 
312 622 
359 1564 
573 111 
51 1565 
284 1454 
254 1566 
312 1013 
10 1567 
57 1568 
57 840 
877 1568 
50 531 
90 491 
95 1271 
355 1569 
124 1133 
124 1093 
129 323 
296 526 
497 1570 
51 1571 
198 1572 
71 1573 
500 1574 
8 436 
33 419 
73 426 
1575 215 
205 1030 
284 1045 
348 204 
348 855 
95 1576 
500 107 
355 580 
355 267 
129 866 
389 435 
573 1048 
33 1114 
213 7 
205 1569 
205 1577 
284 1395 
284 486 
312 1370 
312 1578 
124 1372 
29 1579 
10 1580 
10 1581 
129 1294 
129 420 
988 981 
205 1582 
284 1583 
95 1125 
95 512 
239 223 
281 486 
8 605 
497 1411 
227 970 
71 1341 
335 1571 
95 1584 
239 1585 
239 1586 
312 76 
495 632 
389 1114 
505 226 
33 1035 
198 1587 
198 1234 
205 387 
95 1588 
1589 1590 
172 45 
50 1271 
335 1019 
1591 1134 
239 383 
38 1592 
467 540 
10 844 
8 1294 
172 688 
335 596 
254 1170 
312 190 
767 1252 
29 1593 
129 1114 
877 1440 
50 679 
335 825 
90 948 
90 1594 
337 436 
284 1595 
779 1312 
500 1596 
84 417 
355 6 
355 793 
129 1440 
1597 761 
1481 1168 
227 1087 
51 972 
198 1598 
90 1599 
284 1429 
38 1600 
467 1572 
500 1059 
312 1174 
10 1601 
877 1293 
573 551 
51 1596 
50 550 
168 1209 
198 628 
213 1602 
90 1433 
284 1603 
348 1604 
467 1605 
312 1606 
84 1607 
355 1170 
124 1035 
124 1608 
401 1446 
726 596 
172 794 
505 31 
376 559 
198 629 
38 1609 
495 605 
355 576 
389 701 
573 936 
1610 1611 
50 1543 
1333 1612 
198 1613 
779 679 
254 436 
124 972 
10 1614 
227 435 
284 1615 
38 1464 
312 1524 
359 9 
132 45 
50 1183 
198 1616 
71 1617 
73 1149 
1490 702 
239 833 
312 1618 
312 1619 
124 734 
124 1087 
726 975 
132 1620 
1621 224 
50 1264 
213 1272 
337 1622 
284 166 
1623 778 
281 869 
500 17 
10 38 
8 259 
359 513 
573 1329 
51 600 
90 550 
779 1114 
38 1068 
467 1568 
124 1148 
726 702 
227 1624 
51 527 
284 1625 
159 1110 
1623 512 
38 1626 
254 439 
29 473 
877 28 
1296 150 
33 653 
33 1243 
90 9 
337 1033 
442 1627 
495 676 
124 1534 
124 1628 
1383 889 
51 1323 
505 1165 
213 1048 
205 226 
442 1572 
442 1463 
159 1127 
495 1629 
29 1630 
129 1142 
129 1631 
573 1632 
51 416 
73 420 
337 1633 
284 1453 
284 1634 
467 993 
467 1149 
312 1635 
495 1149 
10 1636 
1589 1069 
57 287 
1381 499 
1381 1215 
284 1183 
442 1255 
1591 1210 
1637 887 
239 405 
312 1342 
124 1638 
124 982 
1639 1293 
57 353 
573 1127 
51 515 
1575 1640 
90 534 
337 1475 
117 677 
95 193 
38 1016 
281 319 
355 468 
124 1641 
51 1293 
168 1443 
335 1148 
239 334 
312 1642 
355 525 
29 1643 
573 1586 
227 1644 
168 323 
198 1238 
90 397 
205 1645 
337 316 
442 1646 
467 982 
312 841 
495 808 
124 1455 
124 1214 
129 945 
1647 339 
172 1648 
198 144 
117 887 
95 603 
312 1102 
124 837 
10 1649 
8 260 
359 839 
168 486 
90 1345 
90 1251 
239 96 
1148 1650 
124 1651 
124 1120 
401 1652 
1262 1162 
8 653 
877 513 
573 531 
573 499 
988 296 
50 1172 
168 866 
1266 334 
495 1440 
1262 888 
57 636 
132 1120 
573 722 
1296 998 
33 1223 
239 593 
239 742 
1546 1184 
1546 808 
10 563 
401 1653 
57 695 
877 301 
132 1323 
198 1191 
652 618 
359 260 
1381 728 
168 66 
198 1328 
335 349 
90 1654 
205 449 
337 706 
284 574 
239 566 
500 441 
1266 1233 
254 1033 
312 1655 
124 600 
29 1656 
57 1657 
389 1024 
1381 118 
73 826 
90 1658 
95 414 
124 350 
10 386 
726 746 
227 1112 
198 1659 
90 252 
117 628 
1591 1252 
124 1660 
1589 692 
1661 525 
1647 792 
33 1127 
442 1212 
117 1662 
754 1162 
1383 1167 
172 7 
51 1126 
50 1156 
33 978 
168 122 
73 316 
90 622 
90 126 
467 1110 
389 978 
8 1067 
359 566 
1663 701 
50 1518 
205 1293 
254 501 
355 323 
29 1664 
129 1665 
129 1214 
1666 163 
168 1667 
284 1668 
95 387 
239 546 
239 323 
38 1669 
38 1670 
500 271 
312 1671 
495 1373 
29 1672 
10 1047 
1391 713 
1639 816 
877 43 
877 107 
726 713 
573 491 
172 1608 
505 350 
73 1673 
239 621 
239 586 
1148 1674 
124 163 
10 1675 
1383 1057 
573 1013 
337 1026 
284 1676 
442 564 
312 1677 
355 400 
29 1678 
389 780 
8 432 
573 1679 
172 1030 
172 1192 
33 267 
117 1145 
254 688 
1680 887 
57 640 
50 572 
117 1218 
159 1681 
355 271 
124 1682 
1661 1142 
877 130 
726 366 
573 1683 
573 1415 
172 1214 
51 676 
50 1354 
168 287 
467 421 
312 1183 
84 997 
124 1684 
1391 1329 
129 1685 
389 1466 
8 486 
573 252 
172 1089 
284 1686 
239 1232 
500 185 
124 1019 
124 1687 
29 1688 
1639 1089 
877 1689 
50 1032 
33 693 
198 1690 
198 1145 
73 1691 
73 1298 
159 1571 
239 788 
500 706 
495 580 
124 1692 
124 1693 
227 653 
505 1293 
168 1026 
205 952 
1591 978 
495 1515 
84 1457 
124 1633 
124 1694 
29 1695 
227 1469 
1666 677 
50 1125 
50 1081 
95 360 
239 911 
500 1696 
495 1252 
1546 839 
10 1697 
389 1218 
33 472 
73 1698 
337 1192 
38 1699 
312 842 
10 1700 
573 1308 
50 942 
33 872 
284 1095 
442 360 
124 1701 
124 1252 
10 1702 
10 838 
129 1030 
389 846 
877 1543 
172 356 
198 1703 
117 1385 
159 1321 
38 1240 
500 188 
29 22 
401 1704 
1639 1372 
389 1361 
8 1062 
573 1191 
442 356 
38 1705 
355 587 
29 1249 
129 502 
573 1470 
227 701 
1666 1192 
168 1684 
90 166 
239 1211 
239 1431 
239 360 
38 1706 
312 1707 
29 1708 
573 146 
227 1033 
505 1691 
33 600 
376 119 
90 1280 
442 1709 
442 1710 
239 952 
312 1325 
124 1711 
29 1712 
51 808 
50 1713 
1296 85 
198 1714 
198 1079 
73 947 
73 422 
90 1715 
95 1716 
239 1717 
239 796 
500 688 
495 734 
495 102 
355 9 
124 551 
129 1125 
57 939 
168 464 
198 1718 
90 223 
442 1025 
239 622 
495 43 
124 1575 
124 486 
10 1719 
389 1165 
877 1026 
132 311 
132 1105 
227 1720 
50 202 
198 1098 
337 1721 
117 1300 
38 1722 
38 1723 
129 1673 
877 975 
33 1030 
168 44 
90 1724 
239 628 
8 580 
1647 846 
505 1252 
117 1571 
495 621 
84 14 
1546 323 
355 1033 
573 1240 
1663 972 
505 1725 
168 513 
95 1032 
254 1192 
254 1165 
495 1129 
1647 1726 
359 369 
337 6 
254 926 
495 564 
1546 1278 
355 255 
10 1046 
8 122 
132 911 
172 298 
10 227 
1639 1305 
57 1064 
389 1727 
8 909 
1647 713 
51 1728 
90 1729 
38 1730 
38 1731 
312 869 
8 1199 
359 271 
1663 596 
172 1732 
51 1024 
505 1733 
73 164 
500 105 
312 1111 
10 107 
401 911 
1647 1162 
1647 1060 
359 1142 
132 1184 
1663 1170 
51 1388 
50 1584 
337 1608 
95 1734 
124 1407 
227 1337 
51 1210 
1296 506 
168 816 
159 119 
159 1067 
1591 1515 
8 1372 
877 1361 
1666 564 
505 1645 
33 7 
198 1735 
254 1320 
495 706 
495 701 
124 379 
1647 655 
168 1633 
90 1736 
239 926 
312 1737 
124 1738 
29 386 
129 947 
172 43 
51 1161 
198 1739 
73 706 
90 1535 
38 965 
33 1192 
198 1740 
90 977 
90 992 
337 1148 
312 1414 
124 449 
1647 1360 
51 282 
442 1187 
95 1310 
129 674 
389 1089 
359 1460 
90 356 
117 901 
239 1202 
10 1541 
227 1187 
227 9 
1663 1155 
73 1479 
90 551 
117 1323 
312 1741 
355 1077 
355 1127 
124 1533 
8 1264 
132 1742 
227 1199 
442 904 
159 970 
239 1743 
239 1744 
84 1011 
355 1243 
129 794 
227 1428 
227 420 
1666 1097 
50 1387 
254 891 
124 1356 
10 1745 
129 1746 
57 629 
57 975 
1663 600 
505 600 
50 1149 
50 1433 
254 1631 
84 970 
124 1747 
124 1748 
124 1749 
8 483 
8 617 
877 688 
50 486 
198 994 
495 502 
495 11 
57 391 
389 420 
8 323 
172 799 
33 1305 
337 31 
442 982 
117 706 
355 527 
1391 743 
389 1375 
172 360 
73 1440 
442 1291 
239 1352 
312 1750 
495 1751 
57 1752 
877 1079 
172 754 
198 1753 
337 1127 
1591 1464 
239 1754 
500 502 
124 1755 
124 1256 
10 1756 
389 998 
505 665 
117 1127 
95 331 
124 676 
1391 1064 
1639 387 
1663 1312 
505 436 
50 571 
90 146 
90 1757 
442 1301 
159 360 
132 1758 
172 1026 
51 1684 
50 827 
442 849 
442 978 
495 872 
355 560 
359 706 
51 962 
505 1347 
33 826 
73 688 
117 150 
159 287 
124 1312 
1663 527 
117 484 
239 1453 
495 1759 
84 211 
1546 387 
355 1633 
132 586 
198 1760 
90 1045 
124 1761 
1391 745 
389 107 
33 400 
239 439 
495 1762 
355 1763 
10 1431 
129 1764 
8 1142 
227 1114 
168 436 
73 839 
95 854 
239 9 
10 1270 
227 1120 
51 1026 
168 1701 
1591 1112 
84 1013 
57 703 
1663 450 
1666 596 
50 1215 
73 1460 
442 1534 
124 1192 
124 1527 
129 441 
57 1400 
8 950 
33 628 
198 1765 
337 1120 
159 7 
84 929 
84 1259 
124 1225 
10 1404 
1391 58 
227 894 
168 1455 
442 629 
500 1766 
877 11 
51 1269 
198 1080 
90 1454 
337 515 
159 891 
355 1209 
124 1571 
389 449 
877 468 
227 1361 
1666 839 
198 1341 
239 893 
355 28 
124 606 
8 6 
505 371 
50 1317 
168 679 
73 1767 
337 1768 
355 1769 
10 1770 
129 653 
227 1764 
505 376 
10 1678 
359 1127 
159 1249 
389 1771 
337 682 
337 449 
355 972 
877 1211 
1296 323 
90 1272 
124 1772 
8 223 
168 1721 
51 164 
254 1727 
227 542 
877 1773 
359 1024 
51 31 
90 1774 
51 1112 
90 1775 
1639 1420 
51 435 
159 754 
33 506 
1546 1293 
117 1776 
495 260 
877 891 
73 825 
124 1768 
389 1777 
198 1324 
124 993 
90 1442 
50 1293 
117 168 
359 825 
1591 1778 
124 1779 
73 439 
505 1192 
337 1372 
84 1184 
159 441 
10 1227 
442 631 
355 1388 
389 513 
442 1558 
168 808 
129 1089 
389 1780 
8 1420 
227 998 
10 1309 
124 164 
95 1470 
239 1651 
500 1375 
129 1388 
442 1781 
90 559 
10 1782 
495 986 
389 986 
355 891 
84 1062 
1666 978 
95 796 
33 1249 
57 976 
1666 323 
95 1142 
401 580 
57 1211 
1296 271 
57 923 
505 559 
359 436 
124 359 
124 1293 
355 603 
8 1095 
57 863 
129 1783 
442 1110 
117 502 
50 722 
505 282 
1546 901 
95 874 
124 1440 
90 1451 
337 1165 
129 369 
124 1784 
401 450 
57 647 
505 1475 
168 1278 
8 499 
239 1347 
359 1785 
337 490 
84 1367 
124 1110 
90 1786 
124 1215 
505 1787 
57 1788 
50 1789 
877 245 
168 1560 
10 25 
129 299 
227 1790 
500 48 
124 1170 
1639 1033 
33 891 
8 1440 
401 893 
337 163 
73 1791 
51 1369 
90 835 
73 1792 
401 655 
8 1793 
500 816 
124 1794 
10 200 
877 1795 
90 1218 
10 1796 
73 1476 
389 1312 
355 901 
389 926 
337 350 
159 107 
355 1475 
129 808 
129 839 
442 1733 
168 164 
389 1651 
500 1012 
10 522 
1666 513 
168 1534 
95 1407 
90 1432 
73 1764 
50 945 
8 350 
1296 839 
51 1443 
84 1619 
117 1797 
84 486 
57 1798 
33 1367 
1546 1252 
95 1586 
389 163 
117 728 
227 1616 
355 513 
51 1019 
33 1210 
355 826 
73 436 
239 1045 
359 501 
50 259 
8 567 
33 350 
73 199 
73 1799 
442 1800 
90 841 
227 2 
337 1305 
1546 891 
401 1801 
1296 1293 
505 926 
389 808 
73 1110 
50 1802 
239 1038 
33 122 
1639 107 
57 265 
505 1210 
355 1577 
442 1587 
50 1803 
124 1804 
359 48 
51 1805 
337 480 
389 1562 
51 1255 
90 1806 
877 122 
1666 298 
8 932 
124 8 
227 1255 
337 1258 
401 1134 
442 422 
90 202 
124 1807 
124 901 
389 1278 
355 1321 
10 466 
129 527 
1546 416 
337 1279 
442 880 
129 1293 
73 1026 
389 1209 
73 1361 
57 1808 
389 825 
124 1132 
129 1809 
401 836 
8 945 
239 1063 
355 470 
10 1139 
10 441 
51 541 
10 1810 
168 1691 
33 602 
10 1299 
389 901 
505 1372 
95 125 
84 1554 
129 419 
168 1523 
50 1533 
50 836 
505 1167 
8 1728 
90 1737 
337 587 
442 1779 
33 52 
90 1313 
227 1551 
90 1811 
239 1169 
90 1576 
51 1479 
124 1218 
8 706 
355 1320 
401 1812 
359 1813 
505 164 
355 1305 
355 970 
1666 676 
10 913 
50 904 
355 1184 
505 1814 
57 761 
442 51 
50 886 
389 754 
359 1815 
1639 420 
51 1218 
1546 31 
129 816 
239 834 
168 706 
124 962 
50 1233 
124 760 
505 1077 
227 631 
1639 226 
124 1816 
129 1209 
90 744 
239 571 
227 1771 
1639 362 
57 1817 
10 1708 
8 794 
51 433 
33 1373 
129 316 
10 1630 
90 260 
124 1301 
389 1813 
505 1818 
159 596 
442 1324 
124 1819 
442 1249 
33 1209 
1639 978 
84 642 
505 433 
1639 600 
227 1749 
33 1820 
159 694 
8 152 
159 1011 
124 1821 
239 1822 
227 866 
73 1269 
442 913 
73 1192 
1296 1823 
1666 1790 
8 1208 
389 1824 
129 706 
1666 816 
168 1125 
1546 1721 
33 1293 
50 1825 
355 123 
168 1030 
90 1826 
168 880 
355 366 
50 1827 
505 501 
73 1089 
84 632 
8 1828 
90 1829 
50 595 
73 6 
10 1830 
129 1831 
50 1832 
239 397 
227 1252 
33 677 
442 1014 
51 423 
33 501 
355 1114 
355 1455 
227 527 
355 48 
10 902 
129 28 
90 1833 
124 1370 
33 502 
50 1834 
124 638 
8 551 
51 468 
1296 1249 
90 1249 
1666 1170 
84 1793 
124 1835 
10 1836 
1546 301 
505 629 
168 913 
90 1837 
355 735 
168 1838 
90 1839 
1546 1030 
73 514 
33 1840 
168 1815 
73 866 
124 1255 
84 436 
227 1258 
505 866 
442 748 
50 644 
73 1428 
10 121 
90 1841 
124 1842 
117 1454 
355 1372 
117 1843 
84 923 
10 1844 
51 1845 
355 387 
124 893 
73 1596 
124 1777 
168 1846 
90 1847 
84 893 
355 1312 
10 233 
168 674 
8 911 
50 1848 
355 1849 
1296 808 
227 734 
227 1571 
129 971 
129 1850 
1546 1464 
84 1032 
51 1721 
168 334 
159 1049 
227 1503 
8 287 
10 636 
442 760 
50 1851 
442 1633 
8 839 
33 1852 
1546 1024 
355 1049 
1296 566 
442 1328 
124 1667 
117 1211 
355 349 
505 320 
505 150 
10 1853 
1666 866 
33 1340 
8 788 
73 105 
1666 1727 
51 1258 
227 1854 
10 1855 
50 1299 
355 1792 
129 501 
124 339 
73 468 
505 1429 
8 1428 
227 470 
10 1856 
505 1026 
10 786 
73 1369 
51 880 
505 168 
10 1283 
84 766 
1666 426 
73 1857 
124 1858 
1546 1421 
8 1026 
50 296 
51 1252 
73 566 
129 62 
227 1768 
73 1475 
168 1859 
124 880 
159 1737 
442 282 
505 1466 
1296 484 
33 1860 
73 1246 
159 971 
159 1258 
124 1644 
159 1210 
355 1385 
129 754 
168 501 
168 677 
227 1388 
124 1558 
505 420 
8 1861 
168 1571 
442 1087 
355 422 
84 1862 
1546 1455 
442 1367 
8 1633 
442 1863 
159 1440 
33 422 
10 1493 
1666 413 
33 107 
355 1508 
442 1772 
10 1864 
129 1111 
355 211 
33 1278 
129 334 
73 1865 
10 1866 
50 1524 
1296 1258 
1666 674 
51 1867 
442 1868 
227 839 
129 1120 
442 1869 
1666 294 
159 1097 
84 880 
51 484 
124 1199 
505 157 
84 926 
124 1870 
8 1540 
50 1871 
1546 1149 
1296 1019 
129 435 
1296 1872 
442 1873 
227 513 
51 1142 
124 1874 
1666 486 
51 911 
505 826 
124 1863 
8 1215 
8 799 
50 1048 
355 1223 
159 145 
1546 972 
124 1838 
73 1628 
505 1875 
168 895 
1546 1302 
51 998 
84 1063 
33 420 
1666 693 
84 366 
355 1367 
505 1876 
355 697 
8 242 
10 1053 
129 1540 
129 1877 
129 972 
129 1240 
129 1572 
129 1211 
129 1878 
129 665 
129 1879 
129 301 
129 1880 
129 1881 
129 255 
129 1882 
129 1883 
129 1884 
129 1460 
129 8 
129 572 
129 176 
129 894 
129 1501 
129 1885 
129 1633 
129 1767 
129 1790 
129 1784 
129 484 
129 825 
129 1886 
129 1689 
129 1859 
129 1428 
129 1319 
129 550 
129 170 
129 682 
129 1887 
129 1187 
129 1888 
129 564 
129 1889 
129 1126 
129 199 
129 1890 
129 1373 
129 1032 
129 304 
129 1469 
129 1891 
129 1892 
129 731 
129 602 
129 436 
129 271 
129 286 
129 694 
129 1763 
129 1893 
129 1894 
129 1895 
129 664 
129 1282 
129 1896 
129 1897 
129 1898 
129 1079 
129 1155 
129 1899 
129 1900 
129 1820 
129 1701 
129 1901 
129 1641 
129 837 
129 970 
129 1199 
129 701 
129 295 
129 780 
129 1902 
129 452 
129 1568 
129 1816 
129 1312 
129 9 
129 506 
129 1247 
129 1903 
129 1904 
129 1409 
129 621 
129 1792 
129 360 
129 1575 
129 596 
129 1905 
129 849 
129 605 
129 734 
129 1684 
129 1727 
129 688 
129 1906 
129 350 
129 1769 
129 1077 
129 1691 
129 1320 
129 1907 
129 1908 
129 48 
129 1302 
129 439 
129 642 
129 1909 
129 1551 
129 1861 
129 1910 
129 449 
129 1911 
129 513 
129 1033 
129 1170 
129 1569 
129 1912 
129 102 
129 413 
129 31 
129 787 
129 998 
129 472 
129 1628 
129 1913 
129 487 
129 1821 
129 1252 
129 45 
129 1179 
129 986 
129 1577 
129 315 
129 1761 
129 697 
129 983 
129 982 
129 107 
129 515 
129 1093 
129 628 
129 1384 
129 693 
129 1560 
129 467 
129 14 
129 1749 
129 1269 
129 1326 
129 1914 
129 1815 
129 1915 
129 532 
129 891 
129 1081 
129 1916 
129 1055 
129 1097 
129 644 
129 1176 
129 1917 
129 836 
129 1215 
129 695 
129 1777 
129 1148 
129 1161 
129 1218 
129 1918 
129 1869 
129 1407 
129 427 
129 1863 
129 387 
129 1919 
129 667 
129 1793 
129 1356 
129 1920 
129 1857 
129 1455 
129 426 
129 440 
129 1921 
129 677 
129 1922 
129 1112 
129 1923 
129 1924 
129 1361 
129 566 
129 416 
129 1644 
129 1807 
129 1475 
129 242 
129 1925 
129 1926 
129 679 
129 942 
129 1738 
1927 1928 
1927 1929 
77 1173 
77 1930 
1496 1931 
255 1932 
255 559 
255 1933 
255 1934 
255 1935 
523 1936 
146 1937 
389 1938 
389 970 
8 1838 
8 1211 
8 1460 
8 1939 
8 1133 
8 632 
8 1373 
8 1224 
8 502 
8 1232 
8 1105 
8 688 
8 1457 
8 971 
8 808 
8 1464 
8 880 
8 514 
8 1940 
8 1941 
8 476 
8 975 
8 1831 
8 1815 
8 49 
8 1527 
8 1148 
8 1161 
8 1218 
8 1369 
8 1455 
8 1807 
314 1079 
314 1267 
175 1311 
175 1267 
175 1942 
175 1929 
221 1943 
16 1268 
16 1797 
877 1944 
203 1598 
203 1945 
203 794 
613 79 
1 1164 
1 1946 
1 1267 
1 1947 
1 1929 
196 1948 
344 1949 
296 1950 
92 1521 
92 1348 
119 1951 
119 1453 
367 1105 
181 1598 
181 1952 
181 1164 
181 1953 
181 1712 
181 1607 
181 879 
181 903 
591 1954 
591 1955 
591 903 
304 1956 
304 1929 
352 1957 
352 1929 
352 1958 
5 1959 
5 1960 
5 1961 
5 1962 
497 1963 
497 1964 
227 993 
227 1721 
227 1030 
227 1965 
227 1197 
227 564 
227 1889 
227 632 
227 304 
227 6 
227 1894 
227 1385 
227 869 
227 1966 
227 1942 
227 1967 
227 1769 
227 1320 
227 579 
227 1170 
227 1279 
227 1628 
227 471 
227 267 
227 1269 
227 1777 
227 534 
227 1698 
227 1779 
1621 1968 
1621 1929 
556 1942 
68 1969 
68 1332 
398 903 
325 1970 
1666 1971 
1666 1024 
1666 1125 
1666 1026 
1666 850 
1666 1651 
1666 1972 
1666 1030 
1666 435 
1666 1973 
1666 1891 
1666 164 
1666 464 
1666 1479 
1666 1974 
1666 1975 
1666 51 
1666 1062 
1666 1155 
1666 1976 
1666 970 
1666 1184 
1666 1977 
1666 701 
1666 295 
1666 1453 
1666 1978 
1666 1352 
1666 734 
1666 688 
1666 846 
1666 1691 
1666 1908 
1666 1979 
1666 765 
1666 1120 
1666 1388 
1666 1258 
1666 1980 
1666 419 
1666 245 
1666 1608 
1666 1033 
1666 926 
1666 1087 
1666 102 
1666 39 
1666 62 
1666 998 
1666 379 
1666 1252 
1666 1441 
1666 986 
1666 267 
1666 1256 
1666 1981 
1666 709 
1666 540 
1666 400 
1666 1560 
1666 122 
1666 320 
1666 1831 
1666 752 
1666 1916 
1666 1982 
1666 1813 
1666 1983 
1666 1455 
1666 600 
1666 534 
1666 1543 
1666 437 
1666 1984 
172 1985 
172 935 
51 1986 
51 1838 
51 1987 
51 1878 
51 301 
51 1375 
51 587 
51 825 
51 1030 
51 366 
51 1859 
51 1965 
51 1865 
51 1988 
51 1562 
51 420 
51 1989 
51 1990 
51 1171 
51 1991 
51 1992 
51 1184 
51 1993 
51 1994 
51 780 
51 1995 
51 1764 
51 596 
51 996 
51 1466 
51 48 
51 765 
51 297 
51 1996 
51 678 
51 901 
51 926 
51 1170 
51 866 
51 1279 
51 986 
51 1997 
51 793 
51 982 
51 1762 
51 1097 
51 387 
51 1356 
51 1998 
51 677 
51 215 
51 44 
51 1999 
51 2000 
51 1779 
505 1240 
505 542 
505 1305 
505 2001 
505 484 
505 1319 
505 125 
505 564 
505 199 
505 2002 
505 602 
505 1533 
505 1764 
505 605 
505 1500 
505 219 
505 39 
505 540 
505 507 
505 2003 
505 437 
505 1807 
75 2004 
75 2005 
75 2006 
75 2007 
50 1990 
1296 2008 
1296 972 
1296 665 
1296 1030 
1296 706 
1296 1820 
1296 1165 
1296 1184 
1296 2009 
1296 1764 
1296 369 
1296 1223 
1296 48 
1296 1388 
1296 901 
1296 1170 
1296 1569 
1296 1256 
1296 320 
1296 1356 
1296 1127 
1158 2010 
1158 2011 
33 1515 
33 972 
33 1838 
33 590 
33 1682 
33 993 
33 1211 
33 1814 
33 2012 
33 1721 
33 2013 
33 1880 
33 255 
33 1026 
33 523 
33 850 
33 2014 
33 2015 
33 2016 
33 1571 
33 1885 
33 2017 
33 1633 
33 1767 
33 2018 
33 2019 
33 1835 
33 1208 
33 2020 
33 484 
33 825 
33 2021 
33 366 
33 435 
33 1859 
33 1772 
33 445 
33 682 
33 2022 
33 1188 
33 564 
33 1889 
33 268 
33 1126 
33 199 
33 1133 
33 2023 
33 2024 
33 282 
33 731 
33 2025 
33 164 
33 1523 
33 286 
33 2026 
33 2027 
33 1479 
33 2028 
33 2029 
33 1846 
33 1894 
33 499 
33 2030 
33 1132 
33 1196 
33 226 
33 1411 
33 96 
33 2031 
33 2032 
33 2033 
33 1350 
33 1440 
33 1561 
33 837 
33 629 
33 1776 
33 371 
33 970 
33 2034 
33 1199 
33 701 
33 295 
33 1547 
33 2035 
33 2036 
33 1809 
33 11 
33 2037 
33 1064 
33 1816 
33 2038 
33 1711 
33 895 
33 1764 
33 1420 
33 1785 
33 596 
33 1246 
33 2039 
33 1842 
33 1014 
33 734 
33 1684 
33 1727 
33 2040 
33 2041 
33 688 
33 2042 
33 2043 
33 1584 
33 1769 
33 1077 
33 1691 
33 1466 
33 1110 
33 48 
33 1780 
33 1681 
33 1388 
33 1302 
33 439 
33 1347 
33 2044 
33 130 
33 965 
33 880 
33 1500 
33 1861 
33 449 
33 2045 
33 1747 
33 1819 
33 678 
33 155 
33 1646 
33 1508 
33 513 
33 144 
33 1033 
33 1170 
33 674 
33 866 
33 1569 
33 1912 
33 219 
33 145 
33 413 
33 39 
33 329 
33 28 
33 62 
33 349 
33 2046 
33 998 
33 2047 
33 2048 
33 1631 
33 1465 
33 379 
33 1913 
33 2049 
33 1252 
33 1179 
33 1577 
33 2050 
33 1746 
33 793 
33 1323 
33 316 
33 541 
33 515 
33 840 
33 794 
33 540 
33 638 
33 507 
33 1560 
33 97 
33 1269 
33 1326 
33 1831 
33 1914 
33 2051 
33 1858 
33 2052 
33 1067 
33 49 
33 1081 
33 1916 
33 1055 
33 1097 
33 2053 
33 1917 
33 1123 
33 1527 
33 1395 
33 1215 
33 695 
33 1777 
33 1148 
33 2054 
33 1218 
33 1407 
33 218 
33 667 
33 1369 
33 633 
33 1356 
33 1857 
33 2055 
33 426 
33 2056 
33 2057 
33 2058 
33 534 
33 2059 
33 2060 
33 2061 
33 2062 
33 1112 
33 214 
33 1361 
33 2063 
33 416 
33 123 
33 44 
33 339 
33 1463 
33 1768 
33 85 
33 1779 
33 679 
33 942 
33 560 
33 1805 
33 298 
78 1395 
168 2064 
168 1521 
168 1267 
168 2065 
822 1968 
2066 2067 
213 125 
71 960 
71 2064 
71 2068 
71 1267 
71 23 
771 2069 
771 2070 
73 2071 
73 2072 
73 1322 
73 1451 
73 665 
73 1024 
73 255 
73 146 
73 1884 
73 66 
73 850 
73 2014 
73 1771 
73 444 
73 2019 
73 1394 
73 92 
73 435 
73 2073 
73 2074 
73 2075 
73 2076 
73 1019 
73 2022 
73 1540 
73 539 
73 41 
73 125 
73 1888 
73 564 
73 1562 
73 1891 
73 1892 
73 2077 
73 383 
73 1523 
73 299 
73 271 
73 1763 
73 1210 
73 1894 
73 1895 
73 1714 
73 2078 
73 1062 
73 2079 
73 2080 
73 2081 
73 2033 
73 2082 
73 1199 
73 1794 
73 1445 
73 168 
73 780 
73 2036 
73 1696 
73 1107 
73 9 
73 2083 
73 369 
73 1834 
73 1038 
73 2084 
73 64 
73 1842 
73 1558 
73 950 
73 253 
73 798 
73 350 
73 1769 
73 1077 
73 1142 
73 1466 
73 48 
73 1503 
73 1464 
73 1302 
73 1347 
73 880 
73 449 
73 419 
73 926 
73 1170 
73 31 
73 329 
73 2085 
73 2086 
73 1631 
73 1913 
73 1252 
73 1511 
73 267 
73 1761 
73 2087 
73 595 
73 983 
73 628 
73 400 
73 1832 
73 1560 
73 1831 
73 2051 
73 1815 
73 532 
73 1081 
73 1917 
73 695 
73 1777 
73 1148 
73 2088 
73 1813 
73 1518 
73 978 
73 1356 
73 2056 
73 2057 
73 2089 
73 1922 
73 2090 
73 2091 
73 123 
73 339 
73 85 
73 1443 
73 1805 
73 1151 
73 294 
477 2092 
477 208 
477 2093 
477 168 
477 2094 
477 903 
1490 2095 
1490 379 
881 2096 
335 1479 
335 2097 
90 2098 
533 2081 
137 1267 
137 1929 
137 1467 
584 1267 
584 1929 
1078 2067 
721 2099 
69 2100 
69 1929 
69 1468 
284 2101 
284 2102 
284 1267 
284 2103 
442 805 
442 1394 
442 1694 
442 2104 
442 1453 
442 2105 
442 1684 
442 2106 
442 2059 
117 2107 
117 2108 
117 118 
117 2109 
117 2110 
117 1991 
117 1328 
117 662 
117 2111 
117 1247 
117 1223 
117 2112 
117 2113 
117 2114 
155 2115 
155 2068 
159 2116 
159 1515 
159 1971 
159 1838 
159 923 
159 1587 
159 1024 
159 2117 
159 1651 
159 169 
159 2118 
159 825 
159 1030 
159 366 
159 1689 
159 74 
159 1149 
159 1772 
159 564 
159 252 
159 199 
159 512 
159 2119 
159 1476 
159 1192 
159 164 
159 602 
159 464 
159 299 
159 6 
159 1752 
159 1069 
159 1479 
159 639 
159 1846 
159 1894 
159 647 
159 250 
159 1109 
159 1074 
159 2120 
159 816 
159 226 
159 96 
159 1372 
159 1820 
159 839 
159 1701 
159 1350 
159 1385 
159 1992 
159 1080 
159 1199 
159 1063 
159 168 
159 2121 
159 11 
159 1816 
159 1420 
159 1038 
159 1246 
159 1558 
159 734 
159 808 
159 1691 
159 432 
159 2122 
159 1142 
159 1466 
159 48 
159 1209 
159 1503 
159 1101 
159 2044 
159 880 
159 945 
159 1551 
159 1861 
159 1819 
159 1685 
159 513 
159 1170 
159 1089 
159 866 
159 157 
159 43 
159 329 
159 45 
159 2123 
159 595 
159 541 
159 748 
159 840 
159 693 
159 1560 
159 952 
159 14 
159 796 
159 1055 
159 1315 
159 1212 
159 1218 
159 911 
159 1367 
159 387 
159 667 
159 633 
159 1455 
159 1361 
159 22 
159 1807 
159 1255 
159 1463 
159 518 
159 1443 
159 1475 
159 1751 
159 1779 
159 2124 
290 1164 
145 557 
67 2125 
67 1311 
67 2126 
67 559 
67 2127 
67 2128 
67 2129 
67 1145 
67 2130 
67 2131 
342 2132 
95 2133 
95 268 
1623 2134 
652 2135 
652 2136 
239 781 
239 1456 
267 135 
267 2137 
267 1950 
267 2138 
267 1095 
362 1598 
362 2055 
779 2127 
779 2139 
855 339 
38 1933 
38 2140 
38 2141 
346 2142 
122 2143 
122 1167 
122 2144 
122 1664 
473 2145 
473 2097 
500 2146 
500 1942 
110 1933 
110 1875 
308 766 
24 1180 
24 1800 
24 2147 
24 2148 
24 2149 
24 958 
24 1468 
113 2150 
113 2151 
113 1311 
113 713 
113 2152 
113 1942 
113 2153 
113 1395 
448 2154 
101 166 
1148 1950 
1156 2155 
127 2156 
1051 2157 
35 2158 
463 942 
254 621 
254 2159 
254 836 
254 1982 
312 2160 
312 2161 
312 2064 
312 2162 
312 1164 
312 1990 
312 2163 
312 2164 
312 863 
312 903 
312 2165 
103 2166 
103 2097 
103 342 
103 1924 
767 2167 
1182 1929 
272 2168 
495 126 
84 655 
84 1162 
84 287 
84 1109 
84 1372 
84 761 
84 701 
84 2169 
84 596 
84 2170 
84 2085 
84 840 
84 1315 
246 2171 
246 43 
1546 1838 
1546 923 
1546 2172 
1546 665 
1546 1026 
1546 1885 
1546 2173 
1546 484 
1546 1689 
1546 564 
1546 834 
1546 282 
1546 1192 
1546 299 
1546 1895 
1546 816 
1546 226 
1546 1665 
1546 640 
1546 1199 
1546 1105 
1546 198 
1546 1409 
1546 1246 
1546 1842 
1546 1558 
1546 605 
1546 2174 
1546 1466 
1546 1110 
1546 48 
1546 1114 
1546 2175 
1546 2176 
1546 245 
1546 513 
1546 1033 
1546 102 
1546 43 
1546 190 
1546 628 
1546 1560 
1546 14 
1546 320 
1546 1097 
1546 695 
1546 1148 
1546 2003 
1546 1356 
1546 1857 
1546 2177 
1546 2056 
1546 2059 
1546 2178 
1546 1443 
2179 1943 
355 1514 
355 2180 
355 1515 
355 455 
355 1240 
355 1838 
355 2181 
355 1645 
355 1024 
355 301 
355 458 
355 1026 
355 1345 
355 1460 
355 66 
355 2182 
355 176 
355 194 
355 1035 
355 1651 
355 1571 
355 1852 
355 2173 
355 1790 
355 1667 
355 2183 
355 2184 
355 825 
355 1694 
355 1030 
355 2185 
355 1886 
355 490 
355 1689 
355 2186 
355 550 
355 1019 
355 1540 
355 2187 
355 41 
355 2188 
355 1888 
355 564 
355 1802 
355 199 
355 1890 
355 1562 
355 1192 
355 164 
355 1534 
355 602 
355 464 
355 1523 
355 287 
355 480 
355 1069 
355 2027 
355 1479 
355 1210 
355 2189 
355 1433 
355 2120 
355 2190 
355 1196 
355 226 
355 1411 
355 96 
355 2191 
355 2031 
355 1510 
355 2032 
355 1440 
355 1165 
355 2192 
355 2082 
355 2193 
355 1991 
355 1992 
355 941 
355 916 
355 1977 
355 761 
355 1199 
355 701 
355 2194 
355 2195 
355 1994 
355 780 
355 567 
355 2036 
355 2196 
355 1454 
355 2197 
355 1845 
355 1764 
355 1273 
355 621 
355 1420 
355 369 
355 2198 
355 2199 
355 596 
355 1246 
355 2200 
355 2201 
355 849 
355 734 
355 1727 
355 846 
355 1967 
355 1613 
355 971 
355 2202 
355 1691 
355 2203 
355 1503 
355 1293 
355 945 
355 1551 
355 1861 
355 449 
355 2204 
355 1258 
355 1799 
355 678 
355 419 
355 2205 
355 501 
355 245 
355 1685 
355 7 
355 819 
355 926 
355 866 
355 1087 
355 102 
355 145 
355 82 
355 39 
355 31 
355 329 
355 379 
355 487 
355 754 
355 390 
355 1252 
355 45 
355 1441 
355 2206 
355 1256 
355 595 
355 962 
355 748 
355 840 
355 1111 
355 540 
355 693 
355 952 
355 122 
355 14 
355 1749 
355 97 
355 1269 
355 656 
355 740 
355 1161 
355 978 
355 1356 
355 631 
355 426 
355 2207 
355 1673 
355 773 
355 1543 
355 2208 
355 1361 
355 1807 
355 1255 
355 339 
355 1999 
355 1278 
355 1214 
355 298 
162 1929 
162 1924 
162 2209 
878 213 
1250 2210 
1250 276 
136 117 
136 2007 
262 2211 
679 2212 
679 654 
679 903 
124 2213 
124 2214 
124 1721 
124 2215 
124 2216 
124 2217 
124 2218 
124 2219 
124 1970 
124 2220 
124 2221 
124 1798 
124 890 
124 487 
124 2112 
124 793 
124 576 
124 195 
124 2209 
341 1167 
151 2222 
151 2223 
151 2224 
29 285 
10 655 
10 1672 
10 2225 
10 2226 
10 2227 
10 1249 
10 2228 
10 1133 
10 1643 
10 229 
10 2229 
10 1609 
10 2230 
10 1281 
10 2231 
10 2232 
10 956 
10 2233 
10 2234 
10 623 
10 2235 
10 1593 
10 1437 
10 1488 
10 595 
10 473 
10 49 
10 110 
10 2236 
10 1094 
10 2237 
10 879 
10 773 
10 22 
10 2238 
10 1467 
10 2239 
80 655 
80 1230 
134 781 
134 1929 
134 1797 
134 750 
294 2067 
294 1227 
