1	8
1	24
1	35
1	42
1	46
1	60
1	74
1	78
1	81
1	95
1	98
1	99
1	100
1	101
1	103
1	104
1	108
1	131
1	132
1	154
1	159
1	168
1	171
2	14
2	54
2	150
3	115
3	153
3	167
3	172
4	5
4	13
4	26
4	77
4	85
4	102
4	138
4	147
4	153
4	156
4	167
4	169
4	172
4	173
4	176
4	189
4	5
5	13
5	19
5	21
5	26
5	27
5	28
5	29
5	51
5	53
5	54
5	57
5	73
5	75
5	76
5	77
5	79
5	85
5	86
5	90
5	96
5	97
5	102
5	124
5	126
5	128
5	136
5	138
5	140
5	144
5	147
5	149
5	153
5	155
5	156
5	163
5	167
5	169
5	172
5	173
5	176
5	189
5	191
5	194
5	196
5	197
6	152
6	157
7	10
7	11
7	14
7	19
7	36
7	49
7	53
7	55
7	56
7	57
7	60
7	61
7	67
7	69
7	70
7	71
7	72
7	74
7	81
7	83
7	87
7	93
7	94
7	95
7	103
7	108
7	111
7	112
7	113
7	114
7	122
7	125
7	127
7	129
7	130
7	132
7	136
7	141
7	146
7	150
7	151
7	158
7	161
7	164
7	168
7	170
7	171
7	177
7	178
7	185
7	190
7	192
7	193
7	194
7	195
7	196
7	197
1	8
8	35
8	46
8	60
8	89
8	95
8	98
8	99
8	100
8	101
8	110
8	118
8	121
8	131
8	132
8	136
8	142
8	154
8	168
8	171
8	174
9	11
9	23
9	32
9	38
9	71
9	80
9	111
9	116
9	117
9	118
9	121
9	122
9	135
9	137
9	139
9	153
9	162
9	168
9	179
9	189
7	10
10	11
10	14
10	49
10	53
10	57
10	60
10	61
10	69
10	70
10	71
10	74
10	87
10	103
10	112
10	113
10	114
10	127
10	130
10	141
10	151
10	158
10	161
10	164
10	192
10	195
10	196
7	11
9	11
10	11
11	23
11	32
11	38
11	49
11	53
11	57
11	71
11	80
11	112
11	113
11	114
11	135
11	139
11	158
11	161
11	162
11	164
11	179
11	189
11	196
12	18
12	19
12	31
12	49
12	53
12	54
12	55
12	56
12	57
12	60
12	61
12	71
12	73
12	83
12	114
12	129
12	170
12	194
12	195
12	196
12	197
4	13
5	13
13	25
13	26
13	28
13	73
13	85
13	86
13	92
13	102
13	128
13	140
13	147
13	148
13	149
13	153
13	155
13	156
13	167
13	169
13	172
13	173
13	176
13	189
13	191
2	14
7	14
10	14
14	54
14	60
14	61
14	69
14	70
14	87
14	96
14	112
14	114
14	127
14	130
14	141
14	150
14	151
14	158
14	161
14	164
14	185
14	186
14	192
14	194
14	195
15	16
15	24
15	48
15	81
15	91
15	104
15	105
15	107
15	16
16	24
16	48
16	78
16	81
16	91
16	104
16	105
16	107
17	62
17	136
12	18
18	19
18	29
18	31
18	50
18	53
18	54
18	55
18	56
18	57
18	60
18	61
18	73
18	77
18	86
18	88
18	90
18	96
18	114
18	128
18	129
18	131
18	132
18	136
18	140
18	147
18	149
18	158
18	167
18	172
18	183
18	184
18	191
18	194
18	195
18	196
18	197
5	19
7	19
12	19
18	19
19	20
19	31
19	49
19	53
19	54
19	55
19	56
19	57
19	60
19	61
19	70
19	129
19	130
19	136
19	185
19	192
19	194
19	195
19	196
19	197
19	20
20	24
20	60
20	70
20	78
20	80
20	87
20	136
20	137
20	158
20	168
5	21
22	43
22	81
22	83
22	98
22	99
22	100
22	101
22	105
22	108
22	131
22	132
22	136
22	164
22	170
22	174
22	178
22	182
22	194
22	197
9	23
11	23
23	32
23	38
23	60
23	80
23	111
23	135
23	139
23	162
23	168
23	179
23	189
1	24
15	24
16	24
20	24
24	35
24	42
24	43
24	46
24	48
24	60
24	74
24	78
24	80
24	81
24	91
24	99
24	100
24	103
24	104
24	105
24	107
24	108
24	132
24	136
24	154
24	168
24	171
24	174
24	182
13	25
25	92
25	117
25	148
25	149
25	153
4	26
5	26
13	26
26	28
26	29
26	73
26	77
26	85
26	86
26	90
26	96
26	102
26	124
26	128
26	138
26	140
26	147
26	149
26	153
26	155
26	156
26	167
26	169
26	172
26	173
26	176
26	178
26	184
26	189
26	191
26	198
5	27
27	29
27	51
27	76
27	96
27	126
27	128
27	144
27	147
27	149
27	153
27	167
27	172
5	28
13	28
26	28
28	29
28	73
28	77
28	85
28	86
28	90
28	96
28	102
28	124
28	128
28	138
28	140
28	147
28	149
28	153
28	155
28	156
28	167
28	172
28	173
28	176
28	184
28	189
28	191
28	198
5	29
18	29
26	29
27	29
28	29
29	51
29	73
29	76
29	77
29	86
29	88
29	90
29	96
29	97
29	124
29	126
29	128
29	136
29	138
29	140
29	144
29	147
29	149
29	153
29	167
29	169
29	172
29	176
29	184
29	191
29	198
30	34
12	31
18	31
19	31
31	32
31	53
31	54
31	55
31	56
31	57
31	60
31	61
31	106
31	111
31	123
31	129
31	170
31	194
31	195
31	196
31	197
9	32
11	32
23	32
31	32
32	33
32	35
32	38
32	40
32	44
32	58
32	60
32	61
32	62
32	63
32	64
32	65
32	66
32	80
32	91
32	98
32	99
32	100
32	101
32	105
32	106
32	107
32	108
32	109
32	110
32	111
32	122
32	123
32	131
32	132
32	135
32	139
32	154
32	162
32	168
32	179
32	189
32	33
33	35
33	38
33	40
33	44
33	58
33	60
33	62
33	63
33	64
33	65
33	66
33	91
33	98
33	99
33	100
33	101
33	105
33	106
33	107
33	108
33	109
33	110
33	116
33	119
33	122
33	123
33	131
33	132
33	134
33	135
33	154
33	168
33	179
30	34
34	70
34	83
34	192
1	35
8	35
24	35
32	35
33	35
35	40
35	44
35	46
35	58
35	60
35	62
35	63
35	64
35	65
35	66
35	68
35	74
35	78
35	95
35	98
35	99
35	100
35	101
35	103
35	104
35	105
35	106
35	107
35	108
35	109
35	110
35	122
35	123
35	131
35	132
35	135
35	154
35	166
35	168
35	170
35	171
35	179
35	187
7	36
36	49
36	53
36	54
36	55
36	56
36	60
36	67
36	70
36	72
36	81
36	83
36	87
36	129
36	150
36	158
36	161
36	164
36	170
36	174
36	178
36	192
36	194
36	195
36	196
36	197
37	90
37	133
37	153
37	155
37	180
9	38
11	38
23	38
32	38
33	38
38	40
38	44
38	63
38	80
38	91
38	105
38	116
38	119
38	134
38	135
38	139
38	162
38	179
38	189
39	51
39	80
39	116
39	149
39	153
39	181
32	40
33	40
35	40
38	40
40	44
40	58
40	60
40	62
40	63
40	64
40	65
40	66
40	91
40	98
40	99
40	100
40	101
40	105
40	106
40	107
40	108
40	109
40	110
40	116
40	119
40	122
40	123
40	131
40	132
40	134
40	135
40	154
40	168
40	179
41	45
41	77
41	86
41	88
41	96
41	97
41	136
1	42
24	42
42	46
42	50
42	81
42	104
42	106
42	123
42	136
42	159
42	182
42	183
22	43
24	43
43	59
43	78
43	81
43	82
43	83
43	98
43	99
43	100
43	101
43	105
43	108
43	118
43	121
43	122
43	131
43	132
43	136
43	143
43	158
43	162
43	164
43	170
43	174
43	178
43	182
43	194
43	197
32	44
33	44
35	44
38	44
40	44
44	50
44	58
44	60
44	62
44	63
44	64
44	65
44	66
44	68
44	91
44	98
44	99
44	100
44	101
44	105
44	106
44	107
44	108
44	109
44	110
44	122
44	123
44	131
44	132
44	135
44	139
44	154
44	166
44	168
44	171
44	179
44	187
41	45
45	77
45	86
45	88
45	96
45	97
45	136
1	46
8	46
24	46
35	46
42	46
46	50
46	60
46	81
46	95
46	98
46	99
46	100
46	101
46	104
46	106
46	123
46	131
46	132
46	154
46	159
46	168
46	171
46	183
47	155
47	167
47	180
15	48
16	48
24	48
48	81
48	91
48	104
48	105
48	107
7	49
10	49
11	49
12	49
19	49
36	49
49	52
49	53
49	54
49	57
49	60
49	67
49	69
49	70
49	71
49	79
49	83
49	90
49	112
49	113
49	114
49	118
49	121
49	125
49	127
49	130
49	136
49	142
49	143
49	149
49	150
49	158
49	161
49	162
49	164
49	174
49	178
49	185
49	192
49	194
49	195
49	196
18	50
42	50
44	50
46	50
50	53
50	56
50	60
50	64
50	65
50	66
50	68
50	81
50	88
50	106
50	110
50	111
50	114
50	123
50	131
50	132
50	139
50	158
50	166
50	168
50	179
50	183
50	196
5	51
27	51
29	51
39	51
51	75
51	76
51	79
51	96
51	126
51	128
51	136
51	144
51	147
51	149
51	153
51	167
51	172
51	174
51	181
49	52
52	53
52	60
52	83
52	88
52	196
5	53
7	53
10	53
11	53
12	53
18	53
19	53
31	53
36	53
49	53
50	53
52	53
53	54
53	55
53	56
53	57
53	60
53	61
53	67
53	71
53	81
53	83
53	88
53	111
53	112
53	113
53	114
53	129
53	131
53	132
53	149
53	150
53	158
53	161
53	164
53	170
53	178
53	183
53	194
53	195
53	196
53	197
2	54
5	54
12	54
14	54
18	54
19	54
31	54
36	54
49	54
53	54
54	55
54	56
54	57
54	60
54	61
54	67
54	69
54	70
54	83
54	87
54	93
54	94
54	96
54	111
54	125
54	129
54	130
54	146
54	149
54	150
54	158
54	161
54	164
54	168
54	170
54	174
54	177
54	178
54	186
54	190
54	192
54	193
54	194
54	195
54	196
54	197
7	55
12	55
18	55
19	55
31	55
36	55
53	55
54	55
55	56
55	57
55	60
55	61
55	67
55	81
55	83
55	129
55	150
55	158
55	164
55	170
55	178
55	194
55	195
55	196
55	197
7	56
12	56
18	56
19	56
31	56
36	56
50	56
53	56
54	56
55	56
56	57
56	60
56	61
56	67
56	81
56	83
56	88
56	111
56	114
56	129
56	131
56	132
56	150
56	158
56	164
56	170
56	178
56	183
56	194
56	195
56	196
56	197
5	57
7	57
10	57
11	57
12	57
18	57
19	57
31	57
49	57
53	57
54	57
55	57
56	57
57	60
57	61
57	70
57	71
57	83
57	89
57	111
57	112
57	113
57	114
57	121
57	129
57	130
57	136
57	142
57	158
57	161
57	164
57	185
57	192
57	194
57	195
57	196
57	197
32	58
33	58
35	58
40	58
44	58
58	60
58	62
58	63
58	64
58	65
58	66
58	98
58	99
58	100
58	101
58	105
58	106
58	107
58	108
58	109
58	110
58	122
58	123
58	131
58	132
58	135
58	154
58	162
58	168
58	179
58	187
58	188
43	59
59	82
59	99
59	100
59	118
59	121
59	122
59	136
59	143
59	158
59	162
59	174
1	60
7	60
8	60
10	60
12	60
14	60
18	60
19	60
20	60
23	60
24	60
31	60
32	60
33	60
35	60
36	60
40	60
44	60
46	60
49	60
50	60
52	60
53	60
54	60
55	60
56	60
57	60
58	60
60	61
60	62
60	63
60	64
60	65
60	66
60	68
60	69
60	70
60	72
60	78
60	80
60	81
60	83
60	88
60	89
60	91
60	93
60	94
60	95
60	98
60	99
60	100
60	101
60	105
60	106
60	107
60	108
60	109
60	110
60	111
60	112
60	114
60	118
60	121
60	122
60	123
60	125
60	127
60	129
60	130
60	131
60	132
60	135
60	136
60	141
60	142
60	146
60	150
60	151
60	154
60	158
60	161
60	164
60	166
60	168
60	171
60	174
60	179
60	183
60	187
60	190
60	192
60	193
60	194
60	195
60	196
60	197
7	61
10	61
12	61
14	61
18	61
19	61
31	61
32	61
53	61
54	61
55	61
56	61
57	61
60	61
61	69
61	70
61	106
61	111
61	112
61	114
61	123
61	127
61	129
61	130
61	141
61	151
61	158
61	177
61	192
61	194
61	195
61	196
61	197
17	62
32	62
33	62
35	62
40	62
44	62
58	62
60	62
62	63
62	64
62	65
62	66
62	98
62	99
62	100
62	101
62	105
62	106
62	107
62	108
62	109
62	110
62	122
62	123
62	131
62	132
62	135
62	154
62	168
62	179
32	63
33	63
35	63
38	63
40	63
44	63
58	63
60	63
62	63
63	64
63	65
63	66
63	91
63	98
63	99
63	100
63	101
63	105
63	106
63	107
63	108
63	109
63	110
63	122
63	123
63	131
63	132
63	135
63	154
63	168
63	179
32	64
33	64
35	64
40	64
44	64
50	64
58	64
60	64
62	64
63	64
64	65
64	66
64	98
64	99
64	100
64	101
64	105
64	106
64	107
64	108
64	109
64	110
64	122
64	123
64	131
64	132
64	135
64	139
64	154
64	168
64	170
64	179
32	65
33	65
35	65
40	65
44	65
50	65
58	65
60	65
62	65
63	65
64	65
65	66
65	98
65	99
65	100
65	101
65	105
65	106
65	107
65	108
65	109
65	110
65	122
65	123
65	131
65	132
65	135
65	136
65	139
65	154
65	168
65	170
65	179
32	66
33	66
35	66
40	66
44	66
50	66
58	66
60	66
62	66
63	66
64	66
65	66
66	98
66	99
66	100
66	101
66	105
66	106
66	107
66	108
66	109
66	110
66	122
66	123
66	131
66	132
66	135
66	136
66	139
66	154
66	168
66	170
66	179
66	182
7	67
36	67
49	67
53	67
54	67
55	67
56	67
67	70
67	81
67	83
67	84
67	87
67	103
67	127
67	134
67	135
67	136
67	149
67	150
67	158
67	159
67	164
67	170
67	174
67	178
67	192
67	194
67	195
67	196
35	68
44	68
50	68
60	68
68	99
68	101
68	132
68	135
68	154
68	166
68	168
68	171
68	183
68	187
7	69
10	69
14	69
49	69
54	69
60	69
61	69
69	70
69	73
69	86
69	87
69	88
69	90
69	93
69	94
69	95
69	96
69	99
69	108
69	109
69	110
69	111
69	112
69	114
69	118
69	121
69	122
69	125
69	127
69	130
69	132
69	136
69	141
69	142
69	143
69	146
69	150
69	151
69	158
69	161
69	164
69	168
69	171
69	174
69	175
69	177
69	183
69	186
69	190
69	192
69	193
69	194
69	195
7	70
10	70
14	70
19	70
20	70
34	70
36	70
49	70
54	70
57	70
60	70
61	70
67	70
69	70
70	73
70	83
70	86
70	87
70	88
70	93
70	94
70	95
70	96
70	99
70	108
70	110
70	111
70	112
70	114
70	118
70	121
70	122
70	125
70	127
70	130
70	132
70	136
70	141
70	142
70	143
70	146
70	150
70	151
70	158
70	161
70	164
70	167
70	168
70	170
70	171
70	174
70	175
70	177
70	178
70	183
70	185
70	186
70	190
70	192
70	193
70	194
70	195
7	71
9	71
10	71
11	71
12	71
49	71
53	71
57	71
71	72
71	74
71	83
71	103
71	111
71	112
71	113
71	114
71	116
71	117
71	118
71	121
71	122
71	137
71	150
71	153
71	158
71	161
71	164
71	168
71	195
71	196
7	72
36	72
60	72
71	72
72	74
72	103
72	150
72	161
72	164
5	73
12	73
13	73
18	73
26	73
28	73
29	73
69	73
70	73
73	77
73	85
73	86
73	88
73	90
73	96
73	99
73	110
73	128
73	136
73	140
73	143
73	147
73	149
73	155
73	156
73	167
73	172
73	174
73	184
73	189
73	191
1	74
7	74
10	74
24	74
35	74
71	74
72	74
74	78
74	87
74	103
74	104
74	108
74	112
74	114
74	150
74	154
74	161
74	164
74	168
74	171
5	75
51	75
75	76
75	79
75	86
75	96
75	126
75	128
75	136
75	144
75	147
75	149
75	163
75	167
75	172
75	174
75	198
5	76
27	76
29	76
51	76
75	76
76	79
76	96
76	126
76	128
76	136
76	144
76	147
76	149
76	153
76	172
76	174
4	77
5	77
18	77
26	77
28	77
29	77
41	77
45	77
73	77
77	85
77	86
77	88
77	90
77	96
77	97
77	102
77	124
77	128
77	136
77	138
77	140
77	147
77	149
77	167
77	169
77	172
77	173
77	184
77	191
1	78
16	78
20	78
24	78
35	78
43	78
60	78
74	78
78	80
78	91
78	95
78	99
78	100
78	103
78	104
78	108
78	136
78	137
78	154
78	158
78	168
78	171
78	174
78	179
78	182
78	188
5	79
49	79
51	79
75	79
76	79
79	86
79	96
79	118
79	126
79	128
79	136
79	142
79	143
79	144
79	147
79	149
79	163
79	167
79	172
79	174
9	80
11	80
20	80
23	80
24	80
32	80
38	80
39	80
60	80
78	80
80	91
80	95
80	135
80	139
80	162
80	168
80	179
80	181
80	189
1	81
7	81
15	81
16	81
22	81
24	81
36	81
42	81
43	81
46	81
48	81
50	81
53	81
55	81
56	81
60	81
67	81
81	83
81	98
81	99
81	100
81	101
81	104
81	105
81	106
81	108
81	123
81	131
81	132
81	136
81	150
81	158
81	164
81	170
81	174
81	178
81	182
81	183
81	194
81	195
81	196
81	197
43	82
59	82
82	99
82	118
82	121
82	122
82	136
82	143
7	83
12	83
22	83
34	83
36	83
43	83
49	83
52	83
53	83
54	83
55	83
56	83
57	83
60	83
67	83
70	83
71	83
81	83
83	84
83	87
83	89
83	90
83	98
83	99
83	100
83	101
83	103
83	105
83	108
83	109
83	111
83	114
83	118
83	121
83	127
83	131
83	132
83	134
83	135
83	136
83	137
83	141
83	142
83	149
83	150
83	158
83	159
83	164
83	168
83	170
83	174
83	178
83	182
83	185
83	192
83	194
83	195
83	196
83	197
67	84
83	84
84	118
84	129
84	134
84	135
84	136
84	158
84	159
84	170
84	175
84	183
84	194
84	195
4	85
5	85
13	85
26	85
28	85
73	85
77	85
85	86
85	102
85	128
85	140
85	147
85	149
85	155
85	156
85	167
85	169
85	189
85	191
5	86
13	86
18	86
26	86
28	86
29	86
41	86
45	86
69	86
70	86
73	86
75	86
77	86
79	86
85	86
86	88
86	90
86	96
86	97
86	102
86	124
86	128
86	136
86	138
86	140
86	147
86	149
86	153
86	155
86	156
86	163
86	167
86	169
86	172
86	173
86	176
86	184
86	189
86	191
86	198
7	87
10	87
14	87
20	87
36	87
54	87
67	87
69	87
70	87
74	87
83	87
87	96
87	103
87	112
87	114
87	130
87	150
87	158
87	161
87	164
87	186
87	192
87	194
87	195
18	88
29	88
41	88
45	88
50	88
52	88
53	88
56	88
60	88
69	88
70	88
73	88
77	88
86	88
88	90
88	96
88	97
88	99
88	110
88	114
88	128
88	131
88	132
88	136
88	140
88	143
88	147
88	149
88	158
88	167
88	172
88	174
88	183
88	184
88	191
88	196
8	89
57	89
60	89
83	89
89	95
89	118
89	121
89	127
89	132
89	136
89	141
89	142
89	149
89	158
89	171
89	174
89	196
5	90
18	90
26	90
28	90
29	90
37	90
49	90
69	90
73	90
77	90
83	90
86	90
88	90
90	96
90	97
90	124
90	125
90	128
90	133
90	136
90	138
90	140
90	147
90	149
90	153
90	167
90	169
90	172
90	173
90	176
90	184
90	191
90	198
15	91
16	91
24	91
32	91
33	91
38	91
40	91
44	91
48	91
60	91
63	91
78	91
80	91
91	95
91	104
91	105
91	107
91	116
91	119
91	134
91	135
91	139
91	168
91	179
13	92
25	92
92	148
92	153
92	163
7	93
54	93
60	93
69	93
70	93
93	94
93	95
93	108
93	111
93	114
93	118
93	121
93	122
93	125
93	127
93	130
93	132
93	136
93	146
93	168
93	171
93	175
93	177
93	183
93	190
93	192
93	193
7	94
54	94
60	94
69	94
70	94
93	94
94	95
94	108
94	111
94	114
94	118
94	121
94	122
94	125
94	130
94	132
94	136
94	146
94	168
94	171
94	175
94	177
94	183
94	190
94	192
94	193
1	95
7	95
8	95
35	95
46	95
60	95
69	95
70	95
78	95
80	95
89	95
91	95
93	95
94	95
95	98
95	99
95	100
95	101
95	108
95	110
95	111
95	122
95	125
95	127
95	131
95	132
95	135
95	136
95	141
95	142
95	146
95	154
95	158
95	168
95	171
95	174
95	179
95	190
95	192
95	193
5	96
14	96
18	96
26	96
27	96
28	96
29	96
41	96
45	96
51	96
54	96
69	96
70	96
73	96
75	96
76	96
77	96
79	96
86	96
87	96
88	96
90	96
96	97
96	124
96	125
96	126
96	128
96	130
96	136
96	138
96	140
96	142
96	144
96	147
96	149
96	150
96	153
96	158
96	161
96	163
96	164
96	167
96	169
96	172
96	173
96	176
96	184
96	186
96	191
96	192
96	194
96	198
5	97
29	97
41	97
45	97
77	97
86	97
88	97
90	97
96	97
97	124
97	128
97	136
97	138
97	147
97	149
97	167
97	169
97	172
1	98
8	98
22	98
32	98
33	98
35	98
40	98
43	98
44	98
46	98
58	98
60	98
62	98
63	98
64	98
65	98
66	98
81	98
83	98
95	98
98	99
98	100
98	101
98	105
98	106
98	107
98	108
98	109
98	110
98	122
98	123
98	131
98	132
98	135
98	136
98	154
98	164
98	168
98	170
98	171
98	174
98	178
98	179
98	182
98	194
98	197
1	99
8	99
22	99
24	99
32	99
33	99
35	99
40	99
43	99
44	99
46	99
58	99
59	99
60	99
62	99
63	99
64	99
65	99
66	99
68	99
69	99
70	99
73	99
78	99
81	99
82	99
83	99
88	99
95	99
98	99
99	100
99	101
99	105
99	106
99	107
99	108
99	109
99	110
99	118
99	121
99	122
99	123
99	131
99	132
99	135
99	136
99	143
99	154
99	164
99	166
99	168
99	170
99	171
99	174
99	178
99	179
99	182
99	187
99	194
99	197
1	100
8	100
22	100
24	100
32	100
33	100
35	100
40	100
43	100
44	100
46	100
58	100
59	100
60	100
62	100
63	100
64	100
65	100
66	100
78	100
81	100
83	100
95	100
98	100
99	100
100	101
100	105
100	106
100	107
100	108
100	109
100	110
100	122
100	123
100	131
100	132
100	135
100	136
100	154
100	164
100	168
100	170
100	171
100	174
100	178
100	179
100	182
100	194
100	197
1	101
8	101
22	101
32	101
33	101
35	101
40	101
43	101
44	101
46	101
58	101
60	101
62	101
63	101
64	101
65	101
66	101
68	101
81	101
83	101
95	101
98	101
99	101
100	101
101	105
101	106
101	107
101	108
101	109
101	110
101	122
101	123
101	131
101	132
101	135
101	136
101	154
101	164
101	166
101	168
101	170
101	171
101	174
101	178
101	179
101	182
101	187
101	194
101	197
4	102
5	102
13	102
26	102
28	102
77	102
85	102
86	102
102	128
102	138
102	140
102	147
102	156
102	167
102	169
102	172
102	173
102	176
102	189
1	103
7	103
10	103
24	103
35	103
67	103
71	103
72	103
74	103
78	103
83	103
87	103
103	104
103	108
103	112
103	114
103	150
103	154
103	161
103	164
103	168
103	171
103	178
1	104
15	104
16	104
24	104
35	104
42	104
46	104
48	104
74	104
78	104
81	104
91	104
103	104
104	105
104	107
104	108
104	154
104	159
104	168
104	171
15	105
16	105
22	105
24	105
32	105
33	105
35	105
38	105
40	105
43	105
44	105
48	105
58	105
60	105
62	105
63	105
64	105
65	105
66	105
81	105
83	105
91	105
98	105
99	105
100	105
101	105
104	105
105	106
105	107
105	108
105	109
105	110
105	122
105	123
105	131
105	132
105	135
105	136
105	154
105	164
105	168
105	170
105	174
105	178
105	179
105	182
105	194
105	197
31	106
32	106
33	106
35	106
40	106
42	106
44	106
46	106
50	106
58	106
60	106
61	106
62	106
63	106
64	106
65	106
66	106
81	106
98	106
99	106
100	106
101	106
105	106
106	107
106	108
106	109
106	110
106	111
106	122
106	123
106	131
106	132
106	135
106	154
106	168
106	179
106	183
106	187
106	188
15	107
16	107
24	107
32	107
33	107
35	107
40	107
44	107
48	107
58	107
60	107
62	107
63	107
64	107
65	107
66	107
91	107
98	107
99	107
100	107
101	107
104	107
105	107
106	107
107	108
107	109
107	110
107	122
107	123
107	131
107	132
107	135
107	154
107	162
107	168
107	179
107	187
107	188
1	108
7	108
22	108
24	108
32	108
33	108
35	108
40	108
43	108
44	108
58	108
60	108
62	108
63	108
64	108
65	108
66	108
69	108
70	108
74	108
78	108
81	108
83	108
93	108
94	108
95	108
98	108
99	108
100	108
101	108
103	108
104	108
105	108
106	108
107	108
108	109
108	110
108	111
108	122
108	123
108	125
108	131
108	132
108	135
108	136
108	146
108	154
108	164
108	168
108	170
108	171
108	174
108	178
108	179
108	182
108	190
108	192
108	193
108	194
108	197
32	109
33	109
35	109
40	109
44	109
58	109
60	109
62	109
63	109
64	109
65	109
66	109
69	109
83	109
98	109
99	109
100	109
101	109
105	109
106	109
107	109
108	109
109	110
109	122
109	123
109	131
109	132
109	135
109	154
109	168
109	170
109	177
109	179
8	110
32	110
33	110
35	110
40	110
44	110
50	110
58	110
60	110
62	110
63	110
64	110
65	110
66	110
69	110
70	110
73	110
88	110
95	110
98	110
99	110
100	110
101	110
105	110
106	110
107	110
108	110
109	110
110	122
110	123
110	131
110	132
110	135
110	136
110	139
110	143
110	154
110	168
110	170
110	171
110	174
110	179
110	182
7	111
9	111
23	111
31	111
32	111
50	111
53	111
54	111
56	111
57	111
60	111
61	111
69	111
70	111
71	111
83	111
93	111
94	111
95	111
106	111
108	111
111	116
111	117
111	118
111	121
111	122
111	123
111	125
111	132
111	137
111	146
111	153
111	168
111	170
111	171
111	190
111	192
111	193
111	194
111	195
111	196
7	112
10	112
11	112
14	112
49	112
53	112
57	112
60	112
61	112
69	112
70	112
71	112
74	112
87	112
103	112
112	113
112	114
112	127
112	130
112	141
112	150
112	151
112	158
112	161
112	164
112	192
112	195
112	196
7	113
10	113
11	113
49	113
53	113
57	113
71	113
112	113
113	114
113	158
113	161
113	164
113	196
7	114
10	114
11	114
12	114
14	114
18	114
49	114
50	114
53	114
56	114
57	114
60	114
61	114
69	114
70	114
71	114
74	114
83	114
87	114
88	114
93	114
94	114
103	114
112	114
113	114
114	125
114	127
114	130
114	131
114	132
114	136
114	141
114	142
114	146
114	151
114	158
114	161
114	164
114	183
114	190
114	192
114	193
114	195
114	196
3	115
115	148
115	152
115	153
115	157
115	167
115	172
9	116
33	116
38	116
39	116
40	116
71	116
91	116
111	116
116	117
116	118
116	119
116	121
116	122
116	134
116	135
116	137
116	153
116	168
116	179
116	181
9	117
25	117
71	117
111	117
116	117
117	118
117	121
117	122
117	137
117	153
117	168
117	179
117	183
8	118
9	118
43	118
49	118
59	118
60	118
69	118
70	118
71	118
79	118
82	118
83	118
84	118
89	118
93	118
94	118
99	118
111	118
116	118
117	118
118	121
118	122
118	125
118	129
118	132
118	136
118	137
118	142
118	143
118	146
118	153
118	168
118	170
118	174
118	175
118	177
118	183
118	190
118	192
118	193
118	194
33	119
38	119
40	119
91	119
116	119
119	120
119	134
119	135
119	179
119	120
8	121
9	121
43	121
49	121
57	121
59	121
60	121
69	121
70	121
71	121
82	121
83	121
89	121
93	121
94	121
99	121
111	121
116	121
117	121
118	121
121	122
121	125
121	132
121	136
121	137
121	142
121	143
121	146
121	153
121	158
121	168
121	174
121	175
121	177
121	183
121	190
121	192
121	193
121	196
7	122
9	122
32	122
33	122
35	122
40	122
43	122
44	122
58	122
59	122
60	122
62	122
63	122
64	122
65	122
66	122
69	122
70	122
71	122
82	122
93	122
94	122
95	122
98	122
99	122
100	122
101	122
105	122
106	122
107	122
108	122
109	122
110	122
111	122
116	122
117	122
118	122
121	122
122	123
122	125
122	131
122	132
122	135
122	136
122	137
122	143
122	146
122	153
122	154
122	168
122	171
122	179
122	190
122	192
122	193
31	123
32	123
33	123
35	123
40	123
42	123
44	123
46	123
50	123
58	123
60	123
61	123
62	123
63	123
64	123
65	123
66	123
81	123
98	123
99	123
100	123
101	123
105	123
106	123
107	123
108	123
109	123
110	123
111	123
122	123
123	131
123	132
123	135
123	154
123	162
123	168
123	179
123	183
123	187
123	188
5	124
26	124
28	124
29	124
77	124
86	124
90	124
96	124
97	124
124	128
124	138
124	140
124	153
124	176
124	184
124	198
7	125
49	125
54	125
60	125
69	125
70	125
90	125
93	125
94	125
95	125
96	125
108	125
111	125
114	125
118	125
121	125
122	125
125	130
125	132
125	136
125	142
125	146
125	151
125	168
125	171
125	175
125	177
125	183
125	190
125	192
125	193
5	126
27	126
29	126
51	126
75	126
76	126
79	126
96	126
126	128
126	136
126	144
126	147
126	149
126	153
126	167
126	172
126	174
7	127
10	127
14	127
49	127
60	127
61	127
67	127
69	127
70	127
83	127
89	127
93	127
95	127
112	127
114	127
127	130
127	136
127	141
127	142
127	150
127	151
127	158
127	164
127	171
127	174
127	178
127	185
127	192
127	195
5	128
13	128
18	128
26	128
27	128
28	128
29	128
51	128
73	128
75	128
76	128
77	128
79	128
85	128
86	128
88	128
90	128
96	128
97	128
102	128
124	128
126	128
128	136
128	138
128	140
128	144
128	147
128	149
128	153
128	155
128	156
128	167
128	169
128	172
128	173
128	176
128	184
128	189
128	191
128	192
7	129
12	129
18	129
19	129
31	129
36	129
53	129
54	129
55	129
56	129
57	129
60	129
61	129
84	129
118	129
129	136
129	170
129	175
129	183
129	194
129	195
129	196
129	197
7	130
10	130
14	130
19	130
49	130
54	130
57	130
60	130
61	130
69	130
70	130
87	130
93	130
94	130
96	130
112	130
114	130
125	130
127	130
130	136
130	141
130	146
130	150
130	151
130	158
130	161
130	164
130	177
130	185
130	186
130	190
130	192
130	193
130	194
130	195
1	131
8	131
18	131
22	131
32	131
33	131
35	131
40	131
43	131
44	131
46	131
50	131
53	131
56	131
58	131
60	131
62	131
63	131
64	131
65	131
66	131
81	131
83	131
88	131
95	131
98	131
99	131
100	131
101	131
105	131
106	131
107	131
108	131
109	131
110	131
114	131
122	131
123	131
131	132
131	135
131	136
131	139
131	154
131	158
131	164
131	168
131	170
131	171
131	174
131	178
131	179
131	182
131	183
131	194
131	196
131	197
1	132
7	132
8	132
18	132
22	132
24	132
32	132
33	132
35	132
40	132
43	132
44	132
46	132
50	132
53	132
56	132
58	132
60	132
62	132
63	132
64	132
65	132
66	132
68	132
69	132
70	132
81	132
83	132
88	132
89	132
93	132
94	132
95	132
98	132
99	132
100	132
101	132
105	132
106	132
107	132
108	132
109	132
110	132
111	132
114	132
118	132
121	132
122	132
123	132
125	132
131	132
132	135
132	136
132	141
132	142
132	146
132	154
132	158
132	164
132	166
132	168
132	170
132	171
132	174
132	178
132	179
132	182
132	183
132	187
132	190
132	192
132	193
132	194
132	196
132	197
37	133
90	133
133	155
133	156
133	167
133	180
33	134
38	134
40	134
67	134
83	134
84	134
91	134
116	134
119	134
134	135
134	159
134	179
134	195
9	135
11	135
23	135
32	135
33	135
35	135
38	135
40	135
44	135
58	135
60	135
62	135
63	135
64	135
65	135
66	135
67	135
68	135
80	135
83	135
84	135
91	135
95	135
98	135
99	135
100	135
101	135
105	135
106	135
107	135
108	135
109	135
110	135
116	135
119	135
122	135
123	135
131	135
132	135
134	135
135	139
135	154
135	159
135	162
135	166
135	168
135	171
135	179
135	187
135	189
135	195
5	136
7	136
8	136
17	136
18	136
19	136
20	136
22	136
24	136
29	136
41	136
42	136
43	136
45	136
49	136
51	136
57	136
59	136
60	136
65	136
66	136
67	136
69	136
70	136
73	136
75	136
76	136
77	136
78	136
79	136
81	136
82	136
83	136
84	136
86	136
88	136
89	136
90	136
93	136
94	136
95	136
96	136
97	136
98	136
99	136
100	136
101	136
105	136
108	136
110	136
114	136
118	136
121	136
122	136
125	136
126	136
127	136
128	136
129	136
130	136
131	136
132	136
136	137
136	138
136	140
136	141
136	142
136	143
136	144
136	146
136	147
136	149
136	150
136	151
136	158
136	161
136	162
136	163
136	164
136	167
136	168
136	170
136	171
136	172
136	174
136	175
136	177
136	178
136	182
136	183
136	184
136	185
136	188
136	190
136	191
136	192
136	193
136	194
136	196
136	197
9	137
20	137
71	137
78	137
83	137
111	137
116	137
117	137
118	137
121	137
122	137
136	137
137	153
137	158
137	168
137	188
4	138
5	138
26	138
28	138
29	138
77	138
86	138
90	138
96	138
97	138
102	138
124	138
128	138
136	138
138	145
138	147
138	149
138	155
138	167
138	169
138	172
138	173
138	178
9	139
11	139
23	139
32	139
38	139
44	139
50	139
64	139
65	139
66	139
80	139
91	139
110	139
131	139
135	139
139	162
139	179
139	189
5	140
13	140
18	140
26	140
28	140
29	140
73	140
77	140
85	140
86	140
88	140
90	140
96	140
102	140
124	140
128	140
136	140
140	147
140	149
140	153
140	155
140	156
140	167
140	169
140	172
140	173
140	176
140	184
140	189
140	191
140	198
7	141
10	141
14	141
60	141
61	141
69	141
70	141
83	141
89	141
95	141
112	141
114	141
127	141
130	141
132	141
136	141
141	142
141	151
141	158
141	171
141	174
141	192
141	195
8	142
49	142
57	142
60	142
69	142
70	142
79	142
83	142
89	142
95	142
96	142
114	142
118	142
121	142
125	142
127	142
132	142
136	142
141	142
142	143
142	149
142	150
142	158
142	161
142	164
142	168
142	171
142	174
142	185
142	193
142	196
43	143
49	143
59	143
69	143
70	143
73	143
79	143
82	143
88	143
99	143
110	143
118	143
121	143
122	143
136	143
142	143
143	174
5	144
27	144
29	144
51	144
75	144
76	144
79	144
96	144
126	144
128	144
136	144
144	147
144	149
144	153
144	172
144	174
144	198
138	145
145	167
7	146
54	146
60	146
69	146
70	146
93	146
94	146
95	146
108	146
111	146
114	146
118	146
121	146
122	146
125	146
130	146
132	146
136	146
146	151
146	168
146	171
146	175
146	177
146	183
146	190
146	192
146	193
4	147
5	147
13	147
18	147
26	147
27	147
28	147
29	147
51	147
73	147
75	147
76	147
77	147
79	147
85	147
86	147
88	147
90	147
96	147
97	147
102	147
126	147
128	147
136	147
138	147
140	147
144	147
147	149
147	153
147	156
147	167
147	169
147	172
147	173
147	174
147	176
147	184
147	189
147	191
13	148
25	148
92	148
115	148
148	153
5	149
13	149
18	149
25	149
26	149
27	149
28	149
29	149
39	149
49	149
51	149
53	149
54	149
67	149
73	149
75	149
76	149
77	149
79	149
83	149
85	149
86	149
88	149
89	149
90	149
96	149
97	149
126	149
128	149
136	149
138	149
140	149
142	149
144	149
147	149
149	150
149	153
149	155
149	156
149	160
149	163
149	167
149	169
149	172
149	173
149	174
149	176
149	178
149	181
149	184
149	189
149	191
149	194
149	195
2	150
7	150
14	150
36	150
49	150
53	150
54	150
55	150
56	150
60	150
67	150
69	150
70	150
71	150
72	150
74	150
81	150
83	150
87	150
96	150
103	150
112	150
127	150
130	150
136	150
142	150
149	150
150	151
150	158
150	161
150	164
150	170
150	178
150	185
150	186
150	192
150	194
150	195
150	196
7	151
10	151
14	151
60	151
61	151
69	151
70	151
112	151
114	151
125	151
127	151
130	151
136	151
141	151
146	151
150	151
151	158
151	177
151	185
151	190
151	192
151	193
151	195
6	152
115	152
152	157
3	153
4	153
5	153
9	153
13	153
25	153
26	153
27	153
28	153
29	153
37	153
39	153
51	153
71	153
76	153
86	153
90	153
92	153
96	153
111	153
115	153
116	153
117	153
118	153
121	153
122	153
124	153
126	153
128	153
137	153
140	153
144	153
147	153
148	153
149	153
153	163
153	167
153	168
153	172
153	181
153	198
1	154
8	154
24	154
32	154
33	154
35	154
40	154
44	154
46	154
58	154
60	154
62	154
63	154
64	154
65	154
66	154
68	154
74	154
78	154
95	154
98	154
99	154
100	154
101	154
103	154
104	154
105	154
106	154
107	154
108	154
109	154
110	154
122	154
123	154
131	154
132	154
135	154
154	166
154	168
154	170
154	171
154	179
154	187
5	155
13	155
26	155
28	155
37	155
47	155
73	155
85	155
86	155
128	155
133	155
138	155
140	155
149	155
155	156
155	167
155	178
155	180
155	189
155	191
4	156
5	156
13	156
26	156
28	156
73	156
85	156
86	156
102	156
128	156
133	156
140	156
147	156
149	156
155	156
156	167
156	169
156	172
156	173
156	176
156	189
156	191
6	157
115	157
152	157
157	180
7	158
10	158
11	158
14	158
18	158
20	158
36	158
43	158
49	158
50	158
53	158
54	158
55	158
56	158
57	158
59	158
60	158
61	158
67	158
69	158
70	158
71	158
78	158
81	158
83	158
84	158
87	158
88	158
89	158
95	158
96	158
112	158
113	158
114	158
121	158
127	158
130	158
131	158
132	158
136	158
137	158
141	158
142	158
150	158
151	158
158	161
158	164
158	168
158	170
158	171
158	174
158	178
158	183
158	186
158	188
158	192
158	194
158	195
158	196
1	159
42	159
46	159
67	159
83	159
84	159
104	159
134	159
135	159
159	195
149	160
7	161
10	161
11	161
14	161
36	161
49	161
53	161
54	161
57	161
60	161
69	161
70	161
71	161
72	161
74	161
87	161
96	161
103	161
112	161
113	161
114	161
130	161
136	161
142	161
150	161
158	161
161	164
161	186
161	192
161	194
161	196
9	162
11	162
23	162
32	162
38	162
43	162
49	162
58	162
59	162
80	162
107	162
123	162
135	162
136	162
139	162
162	179
162	187
162	188
162	189
5	163
75	163
79	163
86	163
92	163
96	163
136	163
149	163
153	163
163	167
163	172
163	173
7	164
10	164
11	164
14	164
22	164
36	164
43	164
49	164
53	164
54	164
55	164
56	164
57	164
60	164
67	164
69	164
70	164
71	164
72	164
74	164
81	164
83	164
87	164
96	164
98	164
99	164
100	164
101	164
103	164
105	164
108	164
112	164
113	164
114	164
127	164
130	164
131	164
132	164
136	164
142	164
150	164
158	164
161	164
164	170
164	174
164	178
164	182
164	186
164	192
164	194
164	195
164	196
164	197
165	185
35	166
44	166
50	166
60	166
68	166
99	166
101	166
132	166
135	166
154	166
166	168
166	171
166	183
166	187
3	167
4	167
5	167
13	167
18	167
26	167
27	167
28	167
29	167
47	167
51	167
70	167
73	167
75	167
77	167
79	167
85	167
86	167
88	167
90	167
96	167
97	167
102	167
115	167
126	167
128	167
133	167
136	167
138	167
140	167
145	167
147	167
149	167
153	167
155	167
156	167
163	167
167	169
167	172
167	173
167	176
167	184
167	189
167	191
167	198
1	168
7	168
8	168
9	168
20	168
23	168
24	168
32	168
33	168
35	168
40	168
44	168
46	168
50	168
54	168
58	168
60	168
62	168
63	168
64	168
65	168
66	168
68	168
69	168
70	168
71	168
74	168
78	168
80	168
83	168
91	168
93	168
94	168
95	168
98	168
99	168
100	168
101	168
103	168
104	168
105	168
106	168
107	168
108	168
109	168
110	168
111	168
116	168
117	168
118	168
121	168
122	168
123	168
125	168
131	168
132	168
135	168
136	168
137	168
142	168
146	168
153	168
154	168
158	168
166	168
168	170
168	171
168	179
168	187
168	190
168	192
168	193
168	194
168	195
4	169
5	169
13	169
26	169
29	169
77	169
85	169
86	169
90	169
96	169
97	169
102	169
128	169
138	169
140	169
147	169
149	169
156	169
167	169
169	172
169	173
169	176
169	189
7	170
12	170
22	170
31	170
35	170
36	170
43	170
53	170
54	170
55	170
56	170
64	170
65	170
66	170
67	170
70	170
81	170
83	170
84	170
98	170
99	170
100	170
101	170
105	170
108	170
109	170
110	170
111	170
118	170
129	170
131	170
132	170
136	170
150	170
154	170
158	170
164	170
168	170
170	174
170	175
170	178
170	182
170	183
170	192
170	194
170	195
170	196
170	197
1	171
7	171
8	171
24	171
35	171
44	171
46	171
60	171
68	171
69	171
70	171
74	171
78	171
89	171
93	171
94	171
95	171
98	171
99	171
100	171
101	171
103	171
104	171
108	171
110	171
111	171
122	171
125	171
127	171
131	171
132	171
135	171
136	171
141	171
142	171
146	171
154	171
158	171
166	171
168	171
171	174
171	187
171	190
171	192
171	193
3	172
4	172
5	172
13	172
18	172
26	172
27	172
28	172
29	172
51	172
73	172
75	172
76	172
77	172
79	172
86	172
88	172
90	172
96	172
97	172
102	172
115	172
126	172
128	172
136	172
138	172
140	172
144	172
147	172
149	172
153	172
156	172
163	172
167	172
169	172
172	173
172	176
172	184
172	189
172	191
4	173
5	173
13	173
26	173
28	173
77	173
86	173
90	173
96	173
102	173
128	173
138	173
140	173
147	173
149	173
156	173
163	173
167	173
169	173
172	173
173	176
173	184
173	189
173	191
8	174
22	174
24	174
36	174
43	174
49	174
51	174
54	174
59	174
60	174
67	174
69	174
70	174
73	174
75	174
76	174
78	174
79	174
81	174
83	174
88	174
89	174
95	174
98	174
99	174
100	174
101	174
105	174
108	174
110	174
118	174
121	174
126	174
127	174
131	174
132	174
136	174
141	174
142	174
143	174
144	174
147	174
149	174
158	174
164	174
170	174
171	174
174	178
174	182
174	192
174	194
174	197
69	175
70	175
84	175
93	175
94	175
118	175
121	175
125	175
129	175
136	175
146	175
170	175
175	177
175	183
175	190
175	192
175	193
175	194
4	176
5	176
13	176
26	176
28	176
29	176
86	176
90	176
96	176
102	176
124	176
128	176
140	176
147	176
149	176
156	176
167	176
169	176
172	176
173	176
176	184
176	189
176	192
176	198
7	177
54	177
61	177
69	177
70	177
93	177
94	177
109	177
118	177
121	177
125	177
130	177
136	177
146	177
151	177
175	177
177	183
177	190
177	192
177	193
7	178
22	178
26	178
36	178
43	178
49	178
53	178
54	178
55	178
56	178
67	178
70	178
81	178
83	178
98	178
99	178
100	178
101	178
103	178
105	178
108	178
127	178
131	178
132	178
136	178
138	178
149	178
150	178
155	178
158	178
164	178
170	178
174	178
178	182
178	192
178	194
178	195
178	196
178	197
9	179
11	179
23	179
32	179
33	179
35	179
38	179
40	179
44	179
50	179
58	179
60	179
62	179
63	179
64	179
65	179
66	179
78	179
80	179
91	179
95	179
98	179
99	179
100	179
101	179
105	179
106	179
107	179
108	179
109	179
110	179
116	179
117	179
119	179
122	179
123	179
131	179
132	179
134	179
135	179
139	179
154	179
162	179
168	179
179	183
179	189
37	180
47	180
133	180
155	180
157	180
39	181
51	181
80	181
116	181
149	181
153	181
22	182
24	182
42	182
43	182
66	182
78	182
81	182
83	182
98	182
99	182
100	182
101	182
105	182
108	182
110	182
131	182
132	182
136	182
164	182
170	182
174	182
178	182
182	183
182	194
182	197
18	183
42	183
46	183
50	183
53	183
56	183
60	183
68	183
69	183
70	183
81	183
84	183
88	183
93	183
94	183
106	183
114	183
117	183
118	183
121	183
123	183
125	183
129	183
131	183
132	183
136	183
146	183
158	183
166	183
170	183
175	183
177	183
179	183
182	183
183	190
183	192
183	193
183	194
183	196
18	184
26	184
28	184
29	184
73	184
77	184
86	184
88	184
90	184
96	184
124	184
128	184
136	184
140	184
147	184
149	184
167	184
172	184
173	184
176	184
184	191
184	198
7	185
14	185
19	185
49	185
57	185
70	185
83	185
127	185
130	185
136	185
142	185
150	185
151	185
165	185
185	192
14	186
54	186
69	186
70	186
87	186
96	186
130	186
150	186
158	186
161	186
164	186
186	192
186	194
35	187
44	187
58	187
60	187
68	187
99	187
101	187
106	187
107	187
123	187
132	187
135	187
154	187
162	187
166	187
168	187
171	187
187	188
58	188
78	188
106	188
107	188
123	188
136	188
137	188
158	188
162	188
187	188
4	189
5	189
9	189
11	189
13	189
23	189
26	189
28	189
32	189
38	189
73	189
80	189
85	189
86	189
102	189
128	189
135	189
139	189
140	189
147	189
149	189
155	189
156	189
162	189
167	189
169	189
172	189
173	189
176	189
179	189
189	191
7	190
54	190
60	190
69	190
70	190
93	190
94	190
95	190
108	190
111	190
114	190
118	190
121	190
122	190
125	190
130	190
132	190
136	190
146	190
151	190
168	190
171	190
175	190
177	190
183	190
190	192
190	193
5	191
13	191
18	191
26	191
28	191
29	191
73	191
77	191
85	191
86	191
88	191
90	191
96	191
128	191
136	191
140	191
147	191
149	191
155	191
156	191
167	191
172	191
173	191
184	191
189	191
7	192
10	192
14	192
19	192
34	192
36	192
49	192
54	192
57	192
60	192
61	192
67	192
69	192
70	192
83	192
87	192
93	192
94	192
95	192
96	192
108	192
111	192
112	192
114	192
118	192
121	192
122	192
125	192
127	192
128	192
130	192
132	192
136	192
141	192
146	192
150	192
151	192
158	192
161	192
164	192
168	192
170	192
171	192
174	192
175	192
176	192
177	192
178	192
183	192
185	192
186	192
190	192
192	193
192	194
192	195
7	193
54	193
60	193
69	193
70	193
93	193
94	193
95	193
108	193
111	193
114	193
118	193
121	193
122	193
125	193
130	193
132	193
136	193
142	193
146	193
151	193
168	193
171	193
175	193
177	193
183	193
190	193
192	193
5	194
7	194
12	194
14	194
18	194
19	194
22	194
31	194
36	194
43	194
49	194
53	194
54	194
55	194
56	194
57	194
60	194
61	194
67	194
69	194
70	194
81	194
83	194
84	194
87	194
96	194
98	194
99	194
100	194
101	194
105	194
108	194
111	194
118	194
129	194
130	194
131	194
132	194
136	194
149	194
150	194
158	194
161	194
164	194
168	194
170	194
174	194
175	194
178	194
182	194
183	194
186	194
192	194
194	195
194	196
194	197
7	195
10	195
12	195
14	195
18	195
19	195
31	195
36	195
49	195
53	195
54	195
55	195
56	195
57	195
60	195
61	195
67	195
69	195
70	195
71	195
81	195
83	195
84	195
87	195
111	195
112	195
114	195
127	195
129	195
130	195
134	195
135	195
141	195
149	195
150	195
151	195
158	195
159	195
164	195
168	195
170	195
178	195
192	195
194	195
195	196
195	197
5	196
7	196
10	196
11	196
12	196
18	196
19	196
31	196
36	196
49	196
50	196
52	196
53	196
54	196
55	196
56	196
57	196
60	196
61	196
67	196
71	196
81	196
83	196
88	196
89	196
111	196
112	196
113	196
114	196
121	196
129	196
131	196
132	196
136	196
142	196
150	196
158	196
161	196
164	196
170	196
178	196
183	196
194	196
195	196
196	197
5	197
7	197
12	197
18	197
19	197
22	197
31	197
36	197
43	197
53	197
54	197
55	197
56	197
57	197
60	197
61	197
81	197
83	197
98	197
99	197
100	197
101	197
105	197
108	197
129	197
131	197
132	197
136	197
164	197
170	197
174	197
178	197
182	197
194	197
195	197
196	197
26	198
28	198
29	198
75	198
86	198
90	198
96	198
124	198
140	198
144	198
153	198
167	198
176	198
184	198
