1 2 
3 4 
5 6 
7 8 
9 10 
11 12 
13 14 
15 16 
17 18 
19 20 
21 22 
23 24 
25 26 
13 27 
28 29 
30 31 
32 33 
34 35 
36 37 
38 39 
40 41 
42 43 
5 44 
45 20 
46 47 
48 49 
50 51 
52 53 
54 55 
7 10 
56 57 
58 59 
60 61 
62 63 
64 65 
66 67 
68 69 
70 7 
71 72 
73 74 
75 76 
77 78 
67 79 
80 81 
82 83 
84 85 
86 87 
88 49 
89 90 
91 92 
93 94 
95 96 
97 98 
99 100 
101 102 
103 104 
105 106 
107 77 
67 108 
109 110 
111 73 
112 85 
113 114 
115 116 
117 118 
119 64 
120 121 
122 54 
123 124 
125 126 
127 128 
129 130 
131 132 
133 134 
135 136 
39 137 
138 139 
8 140 
141 142 
143 13 
144 145 
146 147 
35 113 
148 149 
150 151 
152 50 
11 153 
154 11 
155 83 
156 157 
142 158 
159 160 
161 11 
36 162 
163 164 
165 150 
166 11 
167 168 
169 170 
171 172 
173 174 
50 175 
176 18 
177 178 
179 180 
118 181 
182 183 
184 185 
186 5 
51 50 
82 187 
31 188 
170 169 
189 190 
191 192 
50 193 
194 195 
196 197 
198 199 
200 201 
202 203 
63 204 
205 116 
206 207 
208 209 
210 211 
212 213 
214 215 
150 216 
101 217 
157 156 
122 92 
33 196 
218 219 
220 221 
222 223 
224 225 
226 227 
228 229 
222 15 
222 230 
63 211 
231 232 
233 234 
235 236 
237 88 
238 239 
13 240 
241 242 
243 192 
244 245 
188 246 
247 136 
43 248 
107 249 
250 251 
252 253 
110 254 
245 255 
256 257 
258 259 
260 11 
135 245 
12 261 
123 262 
118 263 
264 265 
266 267 
63 268 
269 270 
271 50 
272 273 
274 275 
14 54 
70 209 
276 224 
277 278 
279 50 
280 123 
281 282 
283 284 
285 70 
286 234 
76 287 
196 288 
289 147 
125 290 
291 292 
208 252 
31 293 
294 295 
296 297 
298 299 
63 300 
301 302 
2 1 
303 31 
31 304 
305 306 
123 150 
157 130 
307 308 
309 310 
311 8 
121 312 
313 123 
201 314 
315 31 
31 257 
316 317 
318 319 
54 320 
321 136 
222 141 
209 208 
67 318 
239 87 
67 322 
323 324 
325 244 
55 67 
92 12 
83 326 
327 328 
329 75 
330 83 
331 294 
332 294 
333 206 
150 334 
332 275 
335 142 
143 252 
336 231 
335 337 
234 338 
339 340 
341 67 
54 342 
343 4 
344 83 
240 345 
11 346 
216 347 
12 67 
78 348 
199 159 
349 319 
350 351 
67 352 
67 353 
269 354 
355 159 
314 57 
174 356 
67 357 
125 358 
359 360 
361 168 
362 25 
363 364 
365 33 
304 366 
367 368 
369 370 
252 371 
174 372 
319 373 
328 374 
196 375 
376 377 
319 378 
379 147 
380 13 
319 347 
196 244 
381 382 
231 336 
383 221 
67 384 
385 317 
63 386 
387 388 
128 127 
50 279 
36 389 
96 390 
391 118 
67 303 
342 11 
392 13 
393 394 
292 395 
142 30 
396 325 
247 397 
87 86 
67 398 
158 399 
400 401 
333 67 
136 402 
164 30 
141 164 
206 262 
13 336 
323 403 
118 122 
73 404 
56 229 
405 406 
407 408 
347 118 
31 367 
136 406 
409 155 
395 216 
410 68 
411 68 
14 412 
413 414 
150 379 
110 415 
416 417 
54 418 
244 317 
419 13 
420 41 
421 83 
231 422 
11 347 
423 292 
424 279 
425 426 
335 427 
428 171 
281 429 
430 431 
432 433 
133 434 
435 144 
436 437 
438 118 
439 394 
440 441 
442 64 
443 31 
444 48 
445 446 
206 447 
448 449 
229 314 
157 450 
83 451 
452 244 
212 453 
347 256 
244 206 
454 222 
455 92 
456 457 
11 458 
121 459 
101 460 
50 461 
462 463 
464 465 
349 142 
466 467 
50 468 
227 226 
70 469 
470 269 
471 63 
470 470 
472 367 
473 474 
142 475 
476 67 
130 121 
121 477 
407 18 
478 479 
480 481 
482 483 
407 319 
469 67 
304 67 
87 484 
485 196 
264 486 
244 246 
67 487 
126 125 
269 35 
488 140 
489 125 
121 490 
491 222 
492 493 
494 206 
174 495 
48 496 
142 497 
498 499 
54 500 
20 501 
474 243 
271 502 
132 503 
429 289 
504 269 
196 487 
366 505 
83 506 
495 507 
508 509 
153 510 
269 407 
63 511 
512 513 
514 189 
201 123 
515 70 
469 118 
350 516 
125 517 
518 323 
87 519 
54 520 
142 521 
11 471 
67 349 
56 32 
150 339 
522 277 
31 523 
524 525 
526 527 
110 528 
339 529 
530 142 
531 532 
533 495 
68 410 
231 534 
121 535 
536 537 
538 499 
83 539 
489 314 
449 20 
67 347 
26 540 
196 349 
541 101 
542 196 
245 475 
289 262 
492 543 
110 544 
545 67 
546 317 
308 547 
548 549 
350 550 
31 290 
83 551 
552 553 
83 554 
539 83 
362 538 
292 291 
39 38 
318 67 
555 556 
397 557 
558 559 
560 520 
269 561 
465 557 
67 400 
562 389 
333 164 
142 563 
564 108 
328 312 
362 164 
339 565 
67 566 
166 31 
567 202 
568 492 
569 570 
571 269 
572 573 
574 202 
118 150 
30 67 
575 553 
214 576 
250 87 
465 577 
252 511 
357 56 
408 578 
54 14 
196 579 
580 581 
143 317 
582 583 
204 63 
63 247 
7 290 
344 132 
159 535 
481 31 
584 585 
265 264 
142 586 
7 587 
588 75 
394 457 
589 275 
10 590 
591 111 
7 317 
137 176 
247 395 
592 593 
594 108 
595 465 
596 83 
299 70 
353 67 
597 598 
599 108 
67 476 
475 319 
600 70 
601 245 
602 325 
206 603 
579 63 
224 604 
235 605 
606 85 
125 407 
114 13 
328 454 
246 475 
373 159 
153 153 
125 607 
271 196 
608 18 
123 475 
313 191 
118 609 
142 610 
611 320 
612 389 
613 467 
184 83 
614 615 
54 616 
378 159 
157 617 
50 618 
50 619 
620 621 
622 570 
208 602 
21 623 
12 624 
68 625 
482 626 
282 146 
373 627 
168 628 
110 629 
630 631 
314 335 
632 633 
136 222 
634 11 
99 11 
252 35 
635 389 
67 636 
637 77 
436 474 
171 454 
597 11 
487 478 
638 549 
181 639 
640 618 
475 256 
641 642 
171 338 
347 18 
558 643 
290 7 
644 645 
222 646 
425 647 
173 159 
519 648 
16 649 
650 319 
355 92 
651 652 
159 653 
286 314 
89 18 
408 417 
93 123 
558 654 
389 36 
655 656 
657 54 
77 658 
332 140 
325 602 
164 455 
142 659 
116 660 
661 159 
662 142 
663 317 
398 664 
401 523 
342 252 
546 142 
233 665 
666 63 
54 240 
364 667 
492 668 
256 469 
669 362 
670 231 
391 196 
13 671 
148 252 
672 29 
422 50 
673 119 
366 235 
342 328 
550 350 
674 675 
146 520 
676 67 
677 50 
678 350 
216 679 
680 118 
54 546 
389 681 
111 591 
67 682 
83 683 
99 118 
684 101 
174 72 
211 63 
142 290 
685 221 
686 394 
240 31 
31 194 
687 157 
688 252 
54 344 
384 142 
689 690 
691 632 
157 692 
693 206 
694 328 
168 67 
695 50 
168 696 
697 260 
465 698 
123 148 
92 535 
132 269 
245 500 
239 238 
699 700 
615 196 
13 419 
67 280 
311 701 
63 437 
702 408 
181 703 
704 705 
706 707 
708 641 
272 39 
93 196 
239 109 
294 331 
709 118 
241 241 
12 314 
481 164 
256 475 
270 269 
710 231 
711 712 
106 140 
713 714 
498 715 
705 716 
717 146 
314 662 
718 191 
599 70 
136 719 
596 720 
252 721 
722 48 
257 150 
136 506 
55 54 
457 394 
123 723 
652 651 
511 67 
557 465 
204 142 
724 725 
124 31 
358 726 
388 387 
317 727 
414 728 
621 607 
729 730 
83 82 
357 269 
731 68 
732 185 
13 727 
315 92 
429 56 
653 245 
11 147 
76 733 
235 734 
272 735 
54 511 
736 737 
234 738 
132 739 
328 202 
36 146 
196 429 
740 478 
343 501 
741 16 
742 70 
108 743 
478 407 
744 745 
613 118 
520 746 
644 747 
748 409 
408 290 
749 750 
16 751 
142 752 
390 96 
142 494 
680 753 
754 524 
755 214 
105 756 
73 757 
176 137 
309 77 
362 758 
759 760 
171 761 
160 159 
436 328 
187 187 
8 7 
315 118 
173 11 
328 762 
269 763 
190 764 
269 765 
13 181 
766 767 
446 445 
449 133 
768 769 
510 770 
271 771 
772 773 
164 362 
609 92 
63 602 
426 774 
17 585 
146 775 
113 35 
12 245 
776 777 
520 54 
692 157 
655 778 
68 779 
85 780 
781 136 
462 782 
579 31 
373 783 
784 267 
22 21 
785 243 
475 18 
786 222 
401 400 
787 416 
401 147 
720 788 
164 12 
789 125 
76 790 
8 18 
33 791 
636 67 
792 793 
794 696 
116 795 
106 52 
796 328 
290 125 
797 231 
630 2 
255 157 
798 799 
800 234 
323 691 
801 802 
803 164 
11 150 
804 805 
133 806 
67 807 
142 808 
135 234 
809 810 
579 269 
811 419 
45 123 
812 813 
448 233 
814 211 
815 85 
76 311 
816 9 
596 68 
317 316 
817 818 
327 136 
756 77 
819 142 
31 394 
319 820 
821 822 
224 11 
535 31 
613 54 
82 28 
86 823 
824 2 
246 280 
247 67 
420 31 
779 63 
825 826 
827 118 
409 828 
409 829 
12 123 
830 328 
831 77 
324 323 
832 736 
624 12 
325 76 
355 31 
467 466 
833 125 
157 187 
188 92 
252 834 
304 11 
835 836 
791 837 
838 67 
421 383 
196 271 
839 121 
319 661 
133 840 
841 842 
843 844 
314 188 
845 846 
806 133 
245 147 
621 620 
507 33 
349 67 
847 848 
216 309 
136 312 
849 850 
142 209 
851 317 
852 192 
137 389 
489 118 
30 314 
174 61 
820 319 
853 570 
168 854 
31 288 
31 315 
474 855 
269 521 
7 301 
50 271 
856 54 
5 704 
289 148 
756 87 
171 857 
858 419 
859 159 
323 776 
860 13 
101 296 
87 861 
262 700 
394 439 
511 13 
862 863 
323 53 
222 808 
55 710 
864 101 
764 190 
865 202 
362 866 
528 867 
474 349 
868 710 
302 31 
869 870 
319 666 
118 188 
322 252 
267 157 
142 535 
141 222 
54 318 
871 872 
328 873 
874 267 
121 839 
875 876 
201 206 
877 774 
878 67 
597 597 
879 570 
624 880 
522 881 
122 11 
295 294 
419 216 
711 224 
882 118 
883 269 
136 884 
885 261 
206 333 
347 886 
269 887 
118 888 
875 710 
142 889 
890 891 
794 550 
892 54 
876 621 
452 475 
893 894 
159 895 
406 314 
332 896 
591 360 
897 898 
56 601 
520 56 
682 332 
347 246 
108 478 
56 189 
50 677 
899 743 
150 900 
362 901 
902 150 
181 319 
492 596 
389 562 
136 903 
25 904 
317 546 
657 510 
83 330 
905 373 
13 338 
370 906 
56 268 
272 634 
546 221 
234 683 
907 389 
599 63 
908 417 
317 45 
437 70 
419 452 
909 54 
54 909 
265 110 
317 910 
60 465 
492 911 
54 384 
13 912 
272 375 
913 914 
70 299 
629 110 
915 641 
121 283 
661 92 
916 852 
751 401 
917 918 
29 19 
224 711 
919 920 
118 257 
683 234 
921 68 
234 800 
54 175 
887 196 
157 922 
133 923 
140 924 
454 63 
20 33 
402 136 
136 925 
570 569 
563 142 
228 11 
47 926 
92 150 
321 50 
705 927 
262 289 
928 570 
63 175 
673 929 
930 570 
417 908 
10 931 
171 932 
314 347 
721 319 
933 296 
344 48 
934 414 
471 11 
935 121 
458 936 
465 35 
247 937 
63 20 
938 11 
545 123 
280 142 
239 252 
39 467 
400 31 
68 939 
383 421 
306 87 
133 940 
314 12 
90 89 
941 108 
73 111 
942 938 
317 143 
416 787 
553 417 
337 335 
943 776 
202 255 
944 77 
719 408 
255 196 
734 235 
263 67 
133 347 
945 946 
782 92 
876 947 
948 13 
949 712 
950 33 
408 407 
244 31 
181 328 
314 887 
951 181 
30 123 
328 392 
48 444 
5 952 
2 953 
168 314 
244 92 
38 570 
954 492 
406 405 
683 70 
955 956 
473 957 
372 174 
958 31 
672 817 
617 157 
959 99 
527 960 
395 247 
644 961 
962 963 
17 478 
382 381 
227 964 
965 966 
85 967 
955 54 
968 63 
67 676 
630 68 
969 236 
494 319 
277 970 
197 136 
174 13 
171 971 
140 106 
54 856 
506 136 
154 972 
17 231 
375 275 
973 129 
20 974 
31 418 
268 63 
263 975 
188 206 
472 470 
54 349 
108 143 
85 832 
133 976 
63 481 
977 314 
544 978 
231 719 
288 252 
256 609 
708 886 
830 70 
314 443 
870 869 
114 113 
344 705 
304 118 
227 227 
28 82 
260 697 
979 125 
136 157 
776 943 
980 513 
581 222 
981 891 
467 389 
784 31 
982 983 
269 720 
984 985 
321 83 
268 125 
54 194 
479 328 
267 32 
21 986 
48 344 
312 328 
142 335 
429 314 
132 264 
492 987 
988 989 
118 391 
990 991 
992 993 
296 994 
707 706 
433 178 
995 520 
996 63 
850 70 
997 997 
13 998 
83 62 
227 700 
133 95 
452 458 
637 999 
160 56 
273 272 
182 504 
475 886 
1000 408 
54 389 
1001 641 
1002 222 
585 439 
535 319 
873 328 
174 405 
13 1003 
475 246 
139 138 
550 1004 
1005 48 
389 1006 
206 188 
463 308 
805 1007 
338 245 
1008 50 
876 388 
202 567 
184 325 
319 475 
140 8 
125 17 
449 520 
925 136 
443 67 
349 56 
535 56 
1009 154 
347 319 
465 1010 
830 63 
1011 73 
973 1012 
1013 328 
876 875 
157 405 
871 1014 
136 255 
618 618 
63 471 
938 118 
1015 201 
679 216 
487 159 
196 1016 
116 115 
710 875 
76 462 
43 442 
13 454 
31 803 
308 307 
1017 465 
332 1018 
857 125 
1019 328 
244 216 
159 347 
409 1020 
1021 25 
1022 10 
45 31 
1023 1024 
188 164 
982 272 
35 328 
285 256 
1025 142 
21 1026 
721 1027 
73 275 
159 603 
462 661 
181 951 
118 494 
579 231 
1028 231 
54 208 
1029 532 
150 134 
222 1030 
224 276 
118 228 
328 1031 
654 558 
1032 1033 
50 326 
126 1034 
73 1035 
181 269 
118 285 
520 1036 
633 77 
1037 1037 
150 11 
206 257 
13 70 
1038 83 
244 452 
807 133 
26 372 
70 1039 
888 54 
177 432 
452 1016 
579 171 
332 1040 
469 191 
509 508 
159 263 
695 252 
31 122 
269 277 
1041 510 
40 56 
269 883 
1042 448 
712 1043 
1044 67 
164 333 
511 123 
1045 1046 
499 538 
280 18 
1047 715 
771 510 
13 300 
196 714 
492 1048 
159 1049 
628 67 
1007 805 
437 419 
133 1050 
85 1051 
850 742 
322 13 
96 809 
1052 76 
378 206 
454 171 
150 902 
776 323 
197 63 
939 68 
1053 424 
907 617 
1054 401 
344 234 
33 402 
75 588 
609 150 
429 123 
13 1055 
487 196 
611 194 
1056 239 
234 312 
658 105 
1057 1058 
132 252 
124 245 
924 140 
67 563 
966 965 
1059 136 
363 50 
1060 474 
332 1061 
269 707 
454 4 
596 101 
462 1062 
231 464 
1063 95 
240 54 
83 740 
121 130 
704 332 
280 317 
110 109 
878 314 
70 683 
63 996 
1064 83 
888 92 
22 283 
1065 267 
54 280 
123 342 
971 171 
314 168 
347 206 
116 350 
349 474 
1066 389 
222 491 
67 535 
321 317 
206 494 
1067 1068 
67 333 
110 360 
275 1069 
56 674 
473 144 
92 188 
1070 63 
719 328 
497 142 
1071 73 
16 383 
1072 473 
851 231 
1073 513 
1074 64 
124 319 
1075 1075 
553 575 
319 494 
1076 121 
492 991 
357 67 
407 465 
794 1077 
282 319 
18 608 
142 895 
824 1047 
414 934 
314 143 
92 421 
474 1078 
125 1079 
13 948 
1080 101 
240 1081 
1082 83 
31 302 
70 1083 
377 376 
294 283 
92 500 
487 269 
54 494 
570 5 
123 511 
408 719 
1084 196 
226 665 
407 478 
579 216 
33 807 
1085 157 
54 429 
550 132 
1086 317 
228 57 
82 1087 
478 17 
458 11 
13 380 
1088 1089 
1090 1091 
407 231 
63 752 
1092 729 
187 82 
579 214 
402 1085 
312 1093 
31 1094 
328 1095 
478 321 
414 1096 
317 321 
429 252 
36 63 
192 852 
350 1097 
1098 142 
895 142 
319 616 
1099 1100 
596 492 
615 1101 
720 269 
68 630 
67 827 
1102 311 
22 707 
634 319 
79 67 
1103 1017 
1072 1104 
398 67 
258 628 
57 56 
1105 885 
545 319 
118 304 
323 518 
510 479 
35 705 
370 1106 
11 257 
429 269 
35 34 
609 31 
285 118 
246 535 
711 358 
125 347 
239 1107 
150 13 
144 473 
339 1108 
118 688 
1109 463 
147 11 
123 500 
155 50 
762 13 
136 695 
872 532 
317 579 
1110 157 
269 1111 
67 523 
11 1112 
121 1113 
1114 510 
1115 108 
538 715 
538 362 
118 613 
31 609 
962 872 
63 1116 
1117 408 
1117 462 
123 520 
483 121 
1118 1118 
1119 50 
807 30 
314 1120 
911 492 
8 1121 
308 463 
252 181 
304 31 
133 1122 
328 327 
730 729 
50 1038 
802 436 
147 245 
11 1123 
664 450 
1124 957 
1125 206 
1126 405 
732 1127 
66 325 
259 258 
196 290 
495 36 
732 1128 
1129 389 
805 804 
535 54 
1130 713 
245 188 
339 552 
222 1131 
63 830 
1132 36 
275 375 
338 289 
1105 7 
863 862 
661 462 
810 809 
154 1009 
1133 1134 
474 347 
499 1135 
54 1136 
555 1137 
229 54 
31 373 
290 408 
204 92 
397 108 
168 579 
1138 7 
535 11 
319 124 
721 118 
168 23 
279 63 
322 136 
28 1139 
419 437 
157 1110 
52 966 
166 465 
474 828 
1140 85 
1141 61 
464 231 
164 150 
96 95 
59 269 
492 1142 
121 120 
511 252 
18 1016 
13 652 
306 305 
687 1143 
938 10 
118 66 
550 805 
1144 1145 
400 289 
914 1146 
601 67 
1147 272 
997 83 
490 121 
189 11 
1050 1148 
481 92 
895 31 
194 31 
1149 83 
21 1150 
50 1151 
31 1002 
245 338 
206 500 
1152 337 
285 492 
1153 1154 
650 31 
174 445 
50 1155 
443 314 
906 87 
136 115 
1156 67 
1157 1158 
123 721 
143 202 
408 1117 
475 142 
71 133 
20 591 
1058 535 
520 269 
5 284 
63 342 
196 347 
1159 709 
1160 125 
74 73 
36 1161 
1162 1163 
1016 83 
347 92 
269 132 
56 164 
150 1164 
719 252 
659 13 
490 1165 
603 1166 
709 92 
746 520 
996 419 
904 25 
520 235 
475 118 
342 63 
1167 1168 
224 531 
118 204 
1169 507 
450 664 
118 680 
82 50 
492 1170 
36 159 
350 1171 
549 535 
294 1172 
938 942 
245 856 
267 266 
221 685 
1173 1174 
12 31 
1051 85 
1175 492 
328 141 
64 119 
886 475 
206 347 
499 70 
280 246 
1176 753 
487 142 
516 700 
492 463 
1110 243 
395 292 
50 421 
158 142 
196 887 
1177 269 
1116 63 
500 245 
578 408 
159 373 
222 975 
159 661 
159 378 
551 1178 
245 429 
11 597 
314 114 
902 1123 
111 885 
317 280 
252 888 
618 83 
404 73 
70 719 
203 202 
478 108 
171 530 
20 426 
629 394 
1179 51 
63 1180 
156 1181 
356 174 
712 282 
373 1182 
241 1183 
945 1184 
275 274 
1185 1059 
1186 171 
196 850 
67 175 
142 12 
68 1187 
502 271 
159 791 
901 362 
16 1188 
758 1189 
185 1190 
279 83 
134 150 
136 197 
73 1191 
123 546 
64 1192 
289 500 
950 1193 
408 17 
1194 507 
312 136 
13 1014 
8 311 
432 1089 
57 228 
211 159 
72 174 
480 347 
429 142 
1195 54 
945 1196 
1197 597 
725 724 
10 1198 
116 157 
10 1058 
638 129 
777 776 
1006 48 
54 8 
1199 1200 
837 791 
700 395 
535 121 
420 269 
1201 11 
465 595 
60 389 
231 1202 
244 54 
1203 520 
68 1204 
2 1205 
1090 20 
31 661 
763 269 
20 1206 
222 234 
958 54 
50 136 
1207 1208 
50 82 
135 54 
1100 1209 
13 860 
1210 1211 
913 133 
429 582 
389 1066 
221 383 
878 196 
389 389 
865 865 
1139 28 
18 333 
1212 1213 
222 454 
1087 82 
83 997 
59 58 
1016 196 
12 11 
52 890 
67 201 
63 520 
54 1214 
1215 83 
256 228 
712 1216 
721 196 
18 1217 
283 22 
175 206 
394 254 
347 216 
1218 408 
581 107 
634 196 
83 184 
256 285 
123 1219 
269 412 
168 701 
185 184 
1134 353 
878 319 
367 31 
817 1220 
558 408 
700 699 
453 212 
1221 1222 
1223 142 
70 150 
1224 1225 
208 269 
680 157 
56 194 
1226 337 
1227 1228 
800 1229 
185 732 
1230 1231 
289 338 
309 216 
1040 1232 
314 150 
191 802 
222 1233 
67 895 
1234 121 
1235 1236 
500 289 
677 1237 
914 70 
633 632 
455 164 
550 794 
1238 174 
244 319 
63 233 
35 136 
347 11 
721 67 
1239 77 
235 366 
347 245 
469 256 
557 231 
197 234 
300 11 
125 228 
347 452 
507 1194 
517 125 
958 409 
36 1240 
519 239 
319 878 
269 666 
661 319 
236 969 
414 1110 
662 159 
269 59 
13 602 
469 70 
137 373 
1241 1242 
579 196 
159 168 
983 982 
18 1243 
67 377 
991 758 
1244 76 
309 522 
475 92 
159 244 
1245 319 
405 1246 
1023 94 
667 364 
1247 25 
272 1248 
1052 277 
197 50 
776 10 
268 510 
50 695 
980 1249 
68 921 
721 56 
269 253 
308 344 
206 1250 
83 465 
50 32 
342 67 
164 315 
387 155 
636 1054 
458 452 
414 267 
300 314 
198 157 
68 1166 
474 1251 
31 420 
54 244 
168 1252 
970 277 
275 323 
123 315 
198 402 
157 687 
775 419 
1047 513 
642 641 
535 246 
63 322 
1104 182 
319 1245 
124 314 
4 636 
121 735 
1253 67 
1254 1255 
1256 398 
92 315 
400 67 
206 1125 
159 199 
1257 1018 
325 396 
83 596 
31 1258 
45 54 
453 1259 
828 409 
1260 817 
1261 224 
13 500 
63 209 
68 1262 
159 173 
419 247 
262 123 
268 246 
1180 63 
429 245 
1263 373 
465 407 
1264 31 
914 1265 
11 1201 
92 1266 
1145 1144 
96 1267 
118 7 
362 712 
196 1268 
136 781 
426 20 
198 1181 
201 31 
13 520 
215 214 
783 373 
70 313 
50 1016 
394 289 
1094 31 
83 51 
887 478 
1269 1270 
719 136 
978 544 
175 54 
445 26 
85 151 
570 1271 
92 304 
63 695 
1223 196 
252 666 
489 63 
309 999 
774 426 
275 334 
101 864 
11 122 
315 319 
31 782 
1272 1194 
1273 18 
373 67 
474 1274 
1275 13 
214 1276 
1070 1277 
371 89 
495 26 
137 1122 
609 164 
333 18 
269 849 
872 320 
803 56 
1089 1089 
665 196 
172 222 
50 1103 
342 31 
1041 408 
770 13 
1278 2 
1140 382 
80 641 
710 1279 
125 355 
651 553 
214 755 
900 150 
878 11 
196 661 
360 359 
148 31 
1280 805 
1281 419 
175 83 
1032 11 
87 1282 
738 234 
475 206 
222 665 
570 879 
475 216 
83 1283 
374 328 
904 641 
481 63 
478 140 
850 849 
77 617 
108 395 
393 389 
574 429 
101 1080 
123 115 
1284 52 
153 63 
20 449 
1253 50 
224 1261 
130 904 
652 458 
1285 11 
331 314 
1286 28 
1287 247 
83 175 
18 545 
1003 13 
1288 252 
814 52 
312 234 
817 598 
1289 87 
1290 222 
231 710 
790 76 
507 495 
513 1047 
150 41 
475 452 
317 1086 
108 938 
1291 52 
131 641 
48 68 
92 475 
67 494 
849 708 
231 557 
325 599 
123 494 
24 23 
13 1292 
597 54 
216 235 
168 1293 
142 887 
592 1294 
1295 1296 
13 1297 
501 20 
124 123 
303 13 
1205 2 
1298 235 
736 328 
175 92 
157 267 
31 93 
77 633 
244 269 
157 198 
338 13 
263 159 
1299 246 
867 4 
352 67 
601 54 
204 118 
1300 196 
125 1301 
630 495 
1302 999 
54 455 
155 409 
92 595 
416 13 
422 83 
1303 284 
1304 1305 
807 1306 
52 993 
808 142 
538 538 
625 68 
142 141 
164 803 
50 197 
31 391 
545 18 
70 602 
726 448 
219 218 
244 196 
201 1240 
196 188 
1307 1147 
150 56 
56 150 
54 1195 
762 18 
79 31 
989 988 
15 222 
414 1308 
67 882 
914 1309 
150 609 
350 264 
776 223 
747 570 
1310 791 
547 308 
694 26 
18 280 
10 1022 
402 63 
441 440 
269 143 
209 63 
952 838 
264 813 
48 76 
801 161 
1210 1058 
370 1311 
90 1245 
980 284 
121 1312 
222 719 
1313 85 
412 14 
523 401 
1142 492 
101 1314 
1315 408 
211 814 
407 269 
1315 1197 
309 105 
118 219 
337 1152 
486 264 
242 241 
54 489 
507 267 
1316 16 
353 1134 
235 1298 
851 1317 
1282 87 
609 54 
891 890 
147 153 
211 210 
589 589 
1184 945 
63 489 
222 1318 
158 1319 
201 5 
409 1088 
1250 31 
836 133 
50 528 
11 609 
87 1320 
83 1321 
455 31 
417 553 
36 267 
492 582 
1322 133 
487 328 
131 284 
489 319 
349 31 
662 314 
54 135 
67 1323 
1058 125 
1324 390 
63 197 
231 579 
389 1129 
1325 76 
13 1250 
1326 125 
1087 527 
239 1056 
40 713 
1290 700 
4 358 
1113 1327 
583 582 
558 1328 
558 1329 
101 596 
489 142 
80 83 
409 217 
83 1315 
288 465 
617 77 
26 13 
164 188 
206 938 
31 355 
54 313 
322 67 
148 289 
202 574 
11 535 
1040 97 
1330 350 
67 263 
314 204 
603 1154 
13 194 
20 267 
674 268 
174 1238 
189 344 
11 882 
542 125 
485 142 
239 1331 
133 847 
569 603 
1332 101 
54 45 
753 732 
510 599 
63 599 
1333 520 
189 514 
1334 125 
70 850 
118 469 
633 1023 
1335 121 
344 50 
222 1336 
1337 812 
50 395 
1338 474 
347 317 
549 1339 
373 31 
825 797 
40 651 
125 1340 
715 498 
880 1341 
142 1342 
11 968 
394 924 
108 1244 
524 1095 
20 1343 
319 721 
1344 592 
41 150 
32 67 
641 80 
362 323 
31 341 
341 31 
334 275 
1094 67 
1345 987 
127 422 
147 41 
194 611 
1123 70 
867 528 
599 325 
554 83 
455 206 
426 425 
465 288 
235 1346 
54 57 
2 824 
85 606 
767 1347 
83 569 
1348 256 
208 54 
510 771 
45 196 
214 579 
63 771 
653 159 
895 54 
194 54 
416 1349 
159 157 
330 92 
199 13 
1350 641 
521 121 
475 245 
1317 851 
1351 1352 
710 63 
586 142 
319 1038 
196 803 
1353 1354 
192 243 
1355 872 
118 475 
241 764 
12 246 
123 201 
876 553 
732 1356 
12 319 
83 530 
492 1357 
92 709 
452 419 
231 235 
1358 191 
123 481 
566 54 
252 143 
1359 16 
63 352 
11 653 
149 148 
207 206 
408 1119 
202 1360 
570 1123 
475 133 
63 357 
147 289 
196 45 
332 704 
67 693 
1361 18 
68 20 
351 350 
1362 1363 
1364 511 
70 181 
1222 1221 
465 330 
133 807 
1346 235 
1042 28 
123 93 
695 222 
252 173 
894 893 
159 355 
732 753 
532 1365 
196 693 
652 1366 
742 850 
1367 1368 
1190 185 
50 70 
166 269 
30 807 
108 941 
49 48 
67 628 
629 310 
147 1369 
244 142 
13 197 
807 67 
11 1364 
239 579 
658 77 
836 835 
696 168 
136 1370 
14 1371 
180 179 
105 1302 
254 394 
1221 2 
206 768 
442 43 
252 688 
1372 174 
802 801 
100 99 
123 545 
28 1373 
641 1060 
999 309 
1354 1353 
1198 74 
132 63 
32 50 
249 107 
1374 31 
1375 876 
33 199 
744 669 
520 1333 
983 1376 
164 609 
569 999 
50 740 
467 320 
1012 973 
347 480 
968 11 
201 603 
230 13 
850 196 
116 1377 
56 342 
125 789 
147 31 
1378 876 
31 784 
328 73 
822 821 
159 1082 
695 234 
1379 1152 
884 328 
92 429 
1 414 
54 859 
11 168 
673 1380 
125 268 
603 448 
13 744 
721 123 
14 13 
1381 1100 
118 148 
838 952 
1225 1224 
7 252 
1352 196 
721 11 
196 1223 
419 858 
202 419 
585 17 
178 433 
13 871 
1382 224 
803 31 
199 63 
775 200 
77 831 
87 756 
1208 1207 
1383 78 
1221 121 
260 1207 
41 157 
123 280 
50 579 
87 1384 
1136 54 
616 54 
63 487 
1012 1385 
744 67 
1386 101 
229 228 
314 124 
1035 73 
67 285 
781 101 
13 318 
1387 174 
121 1388 
690 689 
601 196 
87 1389 
70 715 
924 394 
1121 123 
216 68 
268 674 
199 267 
531 224 
320 467 
168 3 
793 792 
50 1028 
389 907 
817 1390 
1391 524 
1392 1154 
342 123 
70 499 
1393 651 
371 125 
142 150 
1178 268 
957 957 
598 817 
239 519 
288 31 
1217 817 
974 20 
289 579 
735 670 
150 252 
454 1394 
417 159 
67 1395 
1058 357 
1174 1173 
67 1094 
157 426 
314 331 
67 83 
269 470 
280 216 
332 1396 
269 87 
1373 28 
1397 532 
83 83 
123 429 
63 1398 
330 465 
603 206 
747 644 
891 981 
400 123 
181 118 
342 269 
77 470 
53 377 
1279 710 
539 63 
67 30 
1399 1018 
67 1156 
679 679 
683 50 
13 791 
385 16 
653 11 
713 651 
1206 20 
175 164 
1400 1401 
13 303 
319 996 
1087 13 
101 314 
68 216 
63 579 
885 111 
389 635 
118 99 
895 319 
1402 505 
1084 212 
18 8 
157 41 
769 768 
713 245 
540 26 
328 1019 
1403 196 
712 711 
18 347 
41 147 
405 19 
280 452 
882 11 
319 315 
1404 328 
1405 572 
284 1406 
1389 87 
957 1124 
1249 980 
148 67 
618 50 
500 31 
1407 222 
1408 1409 
953 920 
1246 405 
500 314 
13 1410 
453 157 
705 344 
465 1202 
56 520 
1297 13 
570 524 
465 83 
85 1411 
70 1412 
1413 1414 
5 1119 
108 1415 
695 886 
67 609 
1050 1416 
1191 73 
1032 252 
1318 222 
1064 50 
714 713 
710 868 
1089 432 
33 365 
414 33 
373 319 
1054 636 
520 123 
1095 328 
517 462 
535 92 
419 157 
649 16 
228 125 
208 1417 
1043 712 
140 478 
268 478 
1418 691 
478 327 
1355 324 
1419 1419 
67 244 
727 150 
360 591 
1420 527 
896 1036 
1236 1235 
1421 1422 
896 332 
285 11 
289 420 
500 11 
247 159 
1423 773 
124 1072 
1424 108 
25 1021 
513 512 
449 448 
137 1425 
603 1426 
1427 16 
462 76 
1268 196 
109 239 
485 485 
146 36 
54 958 
1428 1429 
123 719 
108 1115 
35 465 
31 240 
67 373 
196 615 
269 159 
1072 124 
67 378 
13 147 
196 143 
344 196 
50 344 
1207 260 
560 394 
253 67 
181 252 
5 144 
421 92 
50 1430 
202 143 
352 63 
1171 350 
188 245 
880 624 
639 181 
1431 146 
480 475 
389 393 
1432 916 
704 5 
277 269 
54 353 
688 67 
196 373 
1050 133 
196 494 
478 268 
872 871 
1433 145 
1026 21 
872 1434 
1376 983 
52 524 
18 1361 
1435 492 
136 1436 
1347 700 
1437 1438 
869 209 
1439 36 
13 1087 
1440 750 
67 304 
597 1441 
1442 885 
1365 532 
244 328 
382 1140 
1079 125 
1443 201 
289 346 
216 475 
261 12 
656 655 
1178 551 
132 1444 
408 1445 
1446 191 
813 812 
494 118 
573 572 
1447 1448 
1341 880 
142 1025 
1194 1272 
474 696 
480 168 
1016 50 
898 897 
463 462 
350 1102 
1449 18 
83 1149 
5 201 
1450 328 
641 1350 
289 280 
11 469 
103 161 
342 54 
1451 1452 
551 50 
143 196 
233 63 
385 222 
13 579 
532 872 
394 629 
150 465 
67 315 
1229 1040 
144 49 
1453 1040 
328 247 
543 492 
1454 264 
48 1005 
470 77 
226 1455 
1411 1456 
1457 1458 
1459 414 
1293 1293 
1460 424 
537 536 
520 1024 
289 7 
1108 339 
20 596 
196 1121 
347 31 
1344 323 
76 75 
1095 524 
150 159 
187 157 
408 1315 
303 67 
142 143 
12 196 
319 634 
10 938 
542 18 
116 267 
849 269 
178 563 
194 13 
267 414 
894 16 
64 1461 
222 695 
897 63 
144 124 
500 123 
418 31 
1462 54 
1463 999 
535 216 
1377 116 
168 361 
11 475 
289 429 
54 597 
101 1386 
1464 21 
221 220 
1096 414 
882 67 
357 63 
938 108 
31 827 
217 409 
426 1457 
454 13 
807 267 
18 176 
245 135 
67 32 
54 341 
140 332 
31 443 
478 740 
648 519 
284 131 
144 5 
48 1465 
603 603 
85 893 
174 1466 
75 329 
18 89 
491 495 
342 142 
1123 63 
133 419 
36 1439 
67 469 
270 108 
133 71 
196 1467 
63 429 
252 1288 
720 596 
1468 1453 
419 996 
977 269 
627 1094 
1295 206 
671 13 
216 419 
168 11 
13 50 
606 688 
328 479 
458 121 
191 469 
902 457 
201 200 
603 1469 
67 168 
467 39 
67 455 
164 141 
350 1470 
240 1471 
1472 140 
662 31 
419 133 
319 342 
470 472 
142 204 
171 627 
358 125 
50 321 
1473 492 
328 1041 
3 168 
70 515 
783 1474 
252 887 
196 168 
1475 19 
1476 73 
685 292 
195 194 
21 1145 
142 767 
247 510 
31 124 
1477 1478 
75 1167 
1198 10 
510 878 
63 1008 
1438 1437 
63 153 
121 848 
54 566 
719 70 
695 118 
150 1479 
1058 10 
67 475 
123 661 
996 319 
861 87 
1010 328 
1452 1451 
104 103 
477 121 
246 244 
1480 1481 
644 728 
174 1482 
267 874 
1483 1166 
1196 945 
106 7 
1185 925 
76 198 
1457 426 
222 581 
1484 414 
136 286 
705 35 
753 1485 
28 1042 
953 2 
150 67 
753 680 
432 170 
367 196 
314 406 
1486 957 
546 118 
1370 136 
67 489 
13 416 
251 136 
791 33 
174 1487 
67 1295 
48 210 
1398 271 
31 1488 
1489 4 
125 979 
252 288 
164 56 
454 328 
628 168 
1121 196 
87 1490 
373 1263 
342 118 
966 52 
13 280 
101 1491 
1022 123 
83 1215 
752 63 
123 313 
349 54 
1438 532 
405 157 
1492 1412 
10 9 
891 513 
510 1245 
1167 75 
13 1493 
272 13 
319 30 
83 618 
985 132 
1494 1495 
33 157 
83 1038 
474 615 
1496 389 
12 118 
426 157 
1128 732 
710 1442 
108 1497 
105 372 
234 286 
415 110 
53 52 
373 598 
61 60 
1193 1498 
1047 499 
1499 1067 
414 1 
627 373 
401 1054 
878 510 
177 68 
196 1500 
54 263 
408 1000 
802 191 
670 735 
729 520 
202 328 
570 1501 
758 362 
395 395 
307 520 
31 262 
405 174 
326 50 
633 124 
793 1432 
997 252 
2 1502 
159 32 
196 1217 
286 171 
1503 448 
882 54 
252 1504 
724 885 
1482 174 
565 914 
450 157 
290 142 
172 171 
610 142 
408 387 
277 522 
478 247 
859 67 
319 500 
72 71 
174 1372 
285 63 
1505 1506 
738 54 
50 1293 
60 1507 
118 117 
1508 1508 
1301 366 
1509 168 
164 782 
1154 1153 
350 1510 
332 682 
1296 1295 
159 269 
553 1511 
781 196 
341 54 
1087 264 
263 54 
998 13 
283 294 
7 1105 
145 144 
408 1512 
592 1425 
481 480 
319 244 
102 101 
133 1513 
511 63 
13 322 
150 50 
173 269 
29 28 
67 141 
1459 101 
342 164 
1020 409 
886 708 
634 118 
63 1210 
12 92 
150 245 
976 133 
191 1446 
116 205 
92 782 
1347 767 
932 13 
73 1514 
412 1049 
97 1040 
570 853 
987 1345 
1515 409 
378 67 
884 136 
77 756 
288 269 
13 1516 
1181 67 
230 289 
124 144 
443 222 
235 685 
1245 90 
31 45 
505 1402 
429 63 
890 52 
60 474 
1506 1301 
36 1028 
26 495 
550 1517 
432 177 
1335 425 
552 339 
63 535 
847 133 
448 1518 
156 32 
409 1515 
16 1316 
292 685 
647 425 
121 521 
510 1114 
715 538 
123 30 
726 358 
1217 196 
788 720 
54 122 
999 658 
54 347 
269 148 
252 997 
105 470 
394 686 
805 1280 
105 87 
609 118 
133 913 
284 5 
342 196 
1396 174 
1510 350 
346 31 
13 1017 
947 876 
1276 214 
549 548 
70 50 
1202 231 
319 12 
1444 132 
521 269 
395 108 
159 247 
202 757 
1046 1519 
8 118 
196 33 
1520 29 
13 174 
510 657 
535 549 
77 107 
289 458 
407 603 
222 196 
867 67 
67 1181 
529 339 
92 91 
292 423 
1521 448 
713 1130 
68 48 
60 209 
174 1522 
1062 1315 
235 125 
303 125 
1475 83 
70 1421 
402 198 
468 50 
222 1407 
31 201 
603 407 
389 467 
247 1287 
31 1523 
1524 263 
1525 140 
157 33 
474 1526 
691 124 
25 362 
176 467 
56 357 
31 481 
673 442 
241 1527 
1528 171 
579 317 
1121 8 
1049 159 
1018 332 
269 166 
570 38 
304 92 
314 485 
563 67 
118 342 
409 1529 
123 244 
655 52 
1530 473 
336 13 
446 519 
164 355 
125 542 
452 653 
1531 370 
1532 10 
1123 570 
1533 1534 
25 174 
311 1510 
157 255 
408 702 
275 1535 
367 472 
1412 70 
395 50 
1536 17 
79 11 
29 1520 
136 327 
320 31 
474 473 
150 727 
1537 641 
603 159 
405 552 
513 1148 
1538 474 
12 216 
197 196 
148 123 
1411 85 
431 430 
1539 570 
666 252 
283 424 
842 841 
125 481 
448 726 
1197 1315 
1058 1210 
252 148 
703 181 
510 268 
421 11 
751 16 
483 482 
88 237 
848 121 
108 1540 
1245 510 
54 955 
13 932 
916 1432 
474 1541 
63 454 
313 70 
757 73 
475 31 
319 546 
10 7 
118 437 
234 233 
188 118 
723 711 
860 1014 
212 1542 
419 1281 
194 872 
346 289 
1543 1544 
388 876 
16 1545 
932 171 
131 311 
918 917 
196 391 
130 129 
520 146 
30 92 
1437 1129 
956 955 
239 1546 
887 269 
1327 1113 
1298 1547 
1548 328 
312 121 
1277 1070 
791 267 
570 1549 
719 123 
461 50 
455 67 
49 144 
1411 1300 
50 80 
524 52 
372 105 
124 633 
33 32 
63 70 
272 982 
252 166 
226 711 
422 231 
159 211 
756 105 
936 458 
198 76 
1043 226 
1017 13 
520 63 
417 416 
54 851 
1432 793 
1014 13 
23 168 
51 83 
473 28 
317 330 
924 132 
429 574 
424 1053 
1327 152 
443 142 
394 1550 
1250 196 
319 489 
409 958 
500 54 
56 349 
1285 16 
118 500 
181 13 
577 465 
665 550 
269 886 
743 899 
349 196 
750 1551 
54 609 
508 373 
1552 319 
322 63 
499 1047 
802 1221 
782 462 
855 474 
1329 558 
1028 36 
159 300 
122 118 
52 1553 
1135 499 
67 1554 
70 830 
105 309 
1197 408 
108 270 
150 314 
1073 1209 
196 666 
314 315 
140 488 
70 13 
700 519 
803 1194 
143 33 
532 1397 
1248 272 
171 344 
394 1050 
1311 370 
222 1290 
695 171 
16 1427 
222 786 
480 878 
67 355 
108 397 
1319 158 
18 407 
244 159 
11 204 
735 272 
56 579 
532 531 
253 252 
389 118 
125 1058 
1555 4 
805 550 
1506 1505 
257 31 
1510 311 
523 31 
252 7 
408 362 
1335 527 
85 1556 
246 1299 
83 1557 
124 1558 
373 196 
11 228 
1559 601 
123 455 
121 1221 
338 234 
1172 294 
521 142 
607 621 
11 285 
56 177 
67 838 
1031 328 
1473 2 
16 1560 
1561 73 
22 764 
231 54 
335 1147 
493 492 
196 506 
1339 549 
1244 108 
81 1562 
1411 1539 
294 1303 
771 271 
146 717 
457 456 
1328 558 
481 125 
68 1563 
353 142 
312 196 
202 865 
216 12 
211 1110 
4 867 
425 1564 
196 1300 
459 121 
168 196 
555 1370 
347 159 
355 110 
1103 50 
830 13 
408 1041 
269 420 
403 323 
1119 408 
419 775 
142 662 
1565 13 
31 148 
87 239 
26 694 
938 31 
118 721 
67 1566 
269 641 
1229 1235 
1567 154 
719 1568 
1103 83 
823 86 
1033 1032 
927 705 
11 878 
427 335 
48 722 
13 1275 
35 269 
347 54 
207 31 
1384 73 
854 168 
296 1569 
1103 1103 
720 1570 
264 1571 
328 436 
1187 68 
67 341 
314 475 
651 713 
76 48 
409 371 
289 230 
206 511 
1147 335 
418 54 
219 118 
1357 492 
830 639 
376 613 
355 67 
1363 450 
557 328 
267 199 
141 328 
695 269 
1414 1413 
570 622 
1417 208 
918 724 
831 999 
118 695 
267 1065 
209 70 
284 1460 
487 67 
317 385 
705 1057 
961 644 
571 558 
520 560 
685 235 
150 123 
408 1572 
31 166 
510 247 
2 580 
764 168 
429 92 
11 99 
97 838 
528 110 
133 475 
77 16 
1152 1379 
83 155 
222 1307 
887 142 
1022 644 
13 1565 
710 1573 
252 719 
11 1574 
319 318 
150 269 
585 216 
1534 329 
535 63 
246 12 
83 1082 
81 1575 
1179 664 
885 1442 
207 123 
1434 872 
664 1179 
603 201 
728 414 
1576 269 
107 1577 
118 546 
803 196 
124 691 
960 527 
429 281 
209 869 
89 82 
737 736 
384 54 
67 878 
831 140 
627 196 
174 173 
164 545 
370 1531 
110 355 
487 63 
1090 206 
1317 379 
791 1310 
67 1179 
494 67 
73 764 
429 54 
470 157 
121 1335 
492 1578 
146 308 
628 206 
1219 123 
713 40 
1305 1304 
878 159 
346 159 
481 902 
101 1030 
83 344 
188 31 
317 347 
661 31 
4 343 
174 1396 
118 827 
1068 1067 
1471 240 
563 314 
171 428 
16 15 
391 92 
63 150 
290 31 
36 495 
70 224 
389 142 
1579 21 
1580 125 
11 470 
11 304 
319 384 
553 651 
448 1521 
226 1043 
707 269 
31 662 
264 350 
13 392 
325 184 
513 891 
142 347 
247 478 
1183 241 
85 815 
231 407 
288 196 
641 915 
474 33 
774 877 
13 770 
330 317 
70 63 
1340 125 
148 269 
125 1581 
56 429 
1082 159 
1177 513 
18 762 
1163 1162 
50 1552 
133 449 
191 1358 
503 132 
20 1090 
387 1150 
142 1119 
852 916 
10 1582 
401 148 
420 289 
317 851 
83 422 
474 191 
481 11 
228 118 
372 26 
621 876 
510 1041 
1495 1494 
1544 1543 
150 419 
315 67 
301 7 
627 171 
70 599 
262 206 
619 50 
940 133 
452 500 
474 1538 
222 1357 
50 150 
140 786 
284 283 
991 990 
317 1583 
1465 48 
475 959 
95 1063 
2 630 
118 1584 
601 1559 
92 394 
189 1501 
132 344 
876 1378 
520 307 
378 123 
500 256 
9 1585 
20 1586 
1000 67 
31 400 
121 1087 
123 407 
321 478 
26 1587 
550 665 
1110 211 
408 1062 
61 174 
636 4 
272 1147 
51 1179 
492 1588 
235 18 
450 1363 
245 347 
280 31 
632 691 
465 60 
241 1411 
429 216 
122 123 
520 449 
272 688 
500 196 
937 247 
118 79 
1589 1590 
7 70 
1041 328 
767 1591 
73 1384 
252 239 
1024 1023 
609 67 
328 884 
799 798 
419 67 
67 66 
513 87 
241 1592 
1474 783 
92 661 
159 475 
389 137 
272 613 
213 1327 
528 50 
768 206 
269 150 
1111 269 
448 1503 
261 30 
537 537 
886 269 
507 1169 
206 661 
419 202 
328 903 
87 105 
389 1496 
329 1534 
13 1593 
319 349 
986 21 
817 672 
87 269 
511 54 
50 539 
1478 1477 
398 1256 
524 570 
328 1548 
310 309 
700 1290 
436 802 
191 1594 
26 25 
157 453 
121 935 
118 315 
1385 1012 
54 888 
11 173 
1398 63 
4 1489 
401 751 
64 442 
1523 222 
67 1000 
1017 1103 
1595 133 
570 928 
99 159 
150 70 
366 304 
626 482 
32 198 
142 485 
1596 1052 
810 196 
778 655 
1231 1230 
143 314 
534 231 
246 347 
13 659 
67 12 
142 300 
1106 370 
1597 945 
1113 121 
67 601 
513 980 
892 56 
1488 31 
123 347 
171 1186 
16 1285 
433 432 
33 1054 
576 214 
188 67 
67 511 
448 222 
280 13 
494 31 
142 1598 
161 801 
67 268 
565 133 
196 601 
834 252 
355 125 
1060 641 
54 188 
121 1076 
192 191 
1416 1050 
1049 1411 
157 680 
103 33 
475 480 
54 535 
373 508 
350 116 
142 389 
366 1301 
269 342 
157 1599 
740 50 
470 11 
1585 9 
35 1600 
150 142 
171 974 
150 319 
223 222 
394 560 
377 67 
328 1010 
2 1473 
63 539 
1043 294 
150 1454 
350 80 
492 1601 
159 1038 
889 142 
25 1247 
817 1260 
523 67 
1010 465 
429 323 
678 311 
743 108 
708 317 
897 492 
226 927 
1116 133 
872 1355 
10 257 
50 152 
495 630 
17 1536 
688 905 
16 894 
874 33 
904 130 
1602 269 
344 54 
297 296 
234 222 
67 782 
5 186 
347 196 
837 132 
1454 150 
579 289 
1365 1434 
1236 32 
553 876 
1237 677 
168 167 
871 13 
1062 142 
13 1070 
133 1116 
13 143 
201 118 
713 164 
110 265 
429 565 
1603 22 
224 1382 
222 1002 
1584 118 
212 1084 
204 11 
1168 1167 
198 32 
412 269 
764 22 
558 571 
136 35 
1604 1018 
118 1266 
1267 96 
1236 21 
379 1317 
489 54 
455 123 
83 67 
1058 1057 
1605 502 
189 269 
458 652 
328 1013 
1518 448 
257 118 
946 945 
125 1352 
527 1335 
199 198 
16 1606 
660 116 
371 252 
48 1607 
1527 241 
143 108 
314 201 
31 30 
579 56 
1089 235 
712 1065 
539 50 
668 4 
581 580 
11 721 
256 500 
437 436 
373 219 
181 70 
240 13 
320 54 
216 535 
474 1608 
319 150 
328 342 
108 67 
535 1058 
108 792 
711 226 
659 142 
1609 395 
328 1450 
314 500 
1211 527 
31 1264 
375 272 
651 999 
1501 189 
233 448 
636 375 
1302 105 
234 35 
73 1610 
405 1126 
256 347 
41 532 
474 1611 
252 342 
17 366 
83 1016 
320 1612 
125 342 
1266 118 
31 207 
338 510 
579 239 
209 142 
688 272 
439 585 
61 1141 
118 201 
54 892 
378 319 
147 146 
906 101 
159 1181 
30 142 
662 196 
118 938 
33 950 
150 31 
1613 159 
100 1448 
1448 100 
535 419 
629 548 
314 255 
154 1567 
475 54 
429 196 
1148 513 
1327 1226 
1614 457 
17 550 
348 78 
196 767 
1542 13 
1145 21 
895 159 
696 794 
1252 168 
70 600 
1067 1499 
1606 221 
269 520 
13 272 
146 1431 
1224 1224 
246 268 
31 244 
1102 350 
407 56 
18 542 
252 1028 
318 13 
782 67 
705 140 
92 330 
791 159 
1560 16 
1014 860 
710 55 
1615 116 
1616 954 
563 178 
244 67 
56 1617 
275 332 
101 906 
344 308 
240 1618 
244 125 
1619 159 
527 1211 
67 721 
1065 712 
289 394 
81 384 
1620 57 
476 343 
314 229 
993 992 
235 1089 
108 63 
253 269 
1511 553 
392 328 
68 399 
628 258 
150 164 
118 389 
31 12 
1315 1062 
125 244 
1228 1227 
83 1064 
33 507 
470 999 
37 36 
723 1621 
2 1278 
532 41 
157 470 
174 1387 
1411 241 
26 1365 
1034 126 
513 417 
585 584 
140 831 
56 476 
50 1622 
18 17 
1008 63 
342 319 
559 558 
1592 241 
460 101 
967 85 
125 1273 
797 825 
1411 168 
368 367 
641 1623 
278 277 
885 724 
434 133 
215 603 
222 448 
4 668 
255 136 
133 1595 
245 12 
372 999 
520 13 
52 1291 
168 764 
474 1060 
1090 67 
315 314 
1434 1365 
1401 1400 
11 827 
1023 633 
929 673 
1046 673 
209 553 
506 83 
373 905 
196 344 
1363 1362 
210 48 
1160 448 
641 1001 
1542 159 
209 60 
931 10 
87 250 
1417 389 
247 63 
252 520 
1624 73 
67 247 
323 856 
263 1524 
171 695 
827 11 
50 1253 
740 83 
661 332 
1023 1625 
67 419 
13 1542 
142 819 
83 421 
246 147 
511 196 
1122 137 
1154 603 
196 93 
1300 1411 
473 1072 
261 885 
141 136 
838 97 
355 123 
379 150 
33 266 
350 1330 
408 1197 
394 393 
92 122 
535 142 
7 1164 
196 475 
267 116 
1214 54 
87 1289 
289 400 
206 175 
817 1217 
50 363 
389 1417 
20 63 
1626 1475 
296 101 
18 609 
1606 16 
485 314 
851 54 
315 164 
878 480 
1101 615 
1293 50 
317 7 
31 320 
206 1627 
617 907 
713 713 
300 63 
229 56 
70 742 
1321 50 
157 419 
67 1628 
53 505 
834 269 
319 545 
353 133 
519 87 
16 1629 
520 1630 
465 1017 
286 408 
269 695 
33 20 
30 164 
206 475 
13 26 
975 263 
68 201 
727 13 
698 328 
269 173 
67 799 
159 1613 
271 1398 
506 196 
31 342 
142 530 
1572 408 
474 1631 
314 977 
245 1632 
20 45 
314 878 
296 1633 
448 603 
478 474 
56 402 
972 154 
52 106 
1349 416 
243 1110 
129 638 
494 123 
118 438 
1519 1046 
520 995 
216 244 
31 455 
524 1391 
1274 474 
675 674 
510 153 
16 1359 
360 110 
125 833 
325 66 
133 878 
49 88 
63 285 
140 1525 
1602 450 
452 347 
546 67 
206 201 
408 558 
50 551 
504 252 
132 416 
188 314 
202 550 
397 247 
123 122 
4 3 
216 150 
398 398 
1629 16 
467 176 
695 63 
63 1474 
634 272 
887 252 
11 166 
132 837 
125 1326 
1551 750 
143 269 
454 90 
121 458 
881 522 
408 286 
850 33 
1062 408 
223 202 
1062 462 
224 165 
550 17 
89 2 
333 41 
26 356 
35 252 
34 1019 
123 1090 
557 397 
402 267 
791 198 
121 1234 
148 118 
222 563 
1368 1367 
328 1634 
337 1226 
809 96 
651 1393 
82 89 
999 78 
210 775 
1086 252 
1093 312 
546 31 
315 123 
791 13 
264 1454 
469 63 
118 709 
7 1138 
300 478 
1635 553 
221 546 
704 629 
954 1616 
252 695 
572 1405 
125 1580 
76 1325 
448 1042 
32 56 
903 328 
54 895 
196 12 
912 13 
216 585 
1000 123 
1636 1020 
168 983 
500 246 
257 10 
1586 20 
959 475 
199 33 
83 321 
269 571 
214 776 
327 478 
269 1177 
152 1327 
1513 133 
356 26 
85 1313 
252 1637 
16 385 
85 1140 
458 289 
57 1620 
196 222 
20 68 
1504 252 
1072 1486 
47 13 
188 54 
31 347 
264 132 
1370 555 
346 11 
31 500 
327 231 
500 118 
424 1460 
545 164 
1250 206 
389 344 
579 50 
142 684 
231 17 
125 489 
124 92 
1002 31 
50 1008 
1028 50 
1583 317 
191 718 
887 319 
92 175 
311 131 
269 954 
927 226 
221 1606 
1352 125 
750 749 
492 1240 
173 252 
13 892 
101 684 
206 693 
1638 90 
244 624 
115 136 
395 83 
71 726 
607 125 
108 41 
116 1615 
1016 18 
13 335 
253 196 
328 698 
983 168 
1639 362 
87 906 
631 630 
63 1070 
118 189 
1610 73 
56 610 
1070 13 
1411 1049 
475 196 
1046 1045 
362 1639 
247 419 
1217 18 
1147 1307 
1110 414 
1640 125 
416 132 
196 312 
171 197 
1040 332 
189 626 
701 168 
92 609 
615 474 
1641 108 
373 137 
33 103 
467 613 
159 471 
12 142 
511 1364 
362 1577 
314 286 
252 150 
580 2 
1425 592 
1642 1643 
1479 150 
1210 63 
317 708 
168 480 
1240 36 
18 150 
780 85 
495 491 
954 269 
142 342 
1210 950 
150 257 
603 67 
1242 1241 
231 851 
641 708 
226 1476 
16 77 
317 244 
920 1345 
140 1472 
1481 1480 
520 252 
629 704 
700 1347 
371 409 
296 933 
159 878 
256 1348 
353 54 
90 1638 
280 159 
33 414 
532 1438 
319 650 
212 860 
758 991 
191 474 
1644 621 
892 13 
1192 64 
1123 118 
54 613 
280 54 
56 721 
478 887 
347 142 
196 627 
386 63 
549 638 
188 123 
159 1619 
1468 1645 
812 1337 
121 1518 
13 762 
300 13 
150 256 
736 832 
1408 1646 
602 13 
92 481 
54 66 
1590 1589 
300 142 
830 902 
294 332 
412 892 
770 319 
36 1132 
54 657 
375 196 
68 596 
63 710 
50 683 
1209 1100 
114 70 
67 545 
601 92 
243 474 
157 1647 
556 555 
510 791 
545 245 
64 1074 
652 13 
1467 196 
1179 67 
181 638 
744 13 
974 171 
1154 1392 
244 314 
1648 1012 
1047 824 
1288 121 
90 454 
159 417 
83 1103 
147 13 
11 481 
133 689 
73 1624 
395 1609 
157 760 
1283 83 
334 150 
1200 1199 
319 1552 
224 1649 
1245 142 
182 192 
1135 106 
424 283 
679 83 
1220 817 
234 135 
317 663 
419 54 
1650 53 
121 483 
85 149 
56 40 
76 1052 
252 521 
1481 1651 
580 124 
1233 222 
1652 1653 
419 811 
1018 1257 
1226 1327 
796 275 
1020 1636 
634 256 
479 510 
52 814 
256 153 
33 850 
171 1528 
745 744 
475 289 
1030 101 
548 629 
288 328 
332 865 
1571 264 
463 108 
502 1605 
689 133 
54 601 
455 54 
87 1654 
670 626 
767 196 
269 721 
194 56 
1089 1088 
231 1028 
268 56 
624 244 
329 116 
1030 222 
613 67 
319 887 
153 118 
150 63 
54 268 
30 319 
791 1169 
132 985 
123 378 
267 791 
143 142 
448 1160 
1380 673 
1445 408 
494 54 
1355 1029 
118 634 
727 317 
17 125 
142 500 
11 1032 
570 1539 
6 5 
522 309 
1517 550 
1157 108 
155 387 
1181 198 
1104 1072 
394 1000 
67 188 
345 240 
1294 592 
719 222 
159 1542 
818 817 
661 123 
820 1058 
914 565 
269 357 
419 150 
1455 226 
63 85 
492 285 
157 209 
390 1324 
56 160 
60 478 
140 705 
219 373 
106 105 
1475 1626 
188 319 
492 954 
136 50 
31 546 
67 148 
142 244 
1539 1411 
197 478 
67 867 
492 1473 
863 1655 
565 339 
28 473 
527 1087 
257 256 
333 245 
12 164 
328 830 
67 150 
1541 474 
698 25 
85 112 
108 599 
119 673 
328 286 
123 1121 
35 510 
527 1420 
164 713 
878 142 
653 452 
287 76 
48 1006 
269 1656 
184 349 
700 227 
713 196 
275 796 
1647 157 
715 1047 
347 67 
283 121 
50 1657 
31 1250 
245 481 
63 279 
267 36 
792 108 
275 59 
20 19 
1599 157 
73 328 
1658 73 
266 33 
201 1015 
474 1338 
105 107 
31 535 
668 492 
286 328 
1563 68 
474 1368 
650 67 
1491 101 
1522 174 
53 1650 
576 520 
579 13 
399 68 
1523 31 
1356 732 
11 154 
244 123 
222 136 
4 454 
197 171 
1097 350 
366 17 
462 517 
950 1210 
63 132 
524 754 
999 1302 
206 1090 
641 1537 
70 437 
171 286 
621 1644 
50 155 
437 118 
328 736 
206 378 
148 401 
1293 168 
1612 320 
328 1528 
665 226 
918 1064 
1535 275 
465 150 
150 18 
63 62 
452 280 
1301 1506 
101 221 
224 70 
323 362 
25 698 
1148 1050 
1323 67 
314 30 
478 60 
268 54 
535 159 
551 83 
328 1404 
252 357 
1634 328 
350 678 
151 150 
775 210 
269 487 
478 683 
905 688 
53 323 
136 1059 
383 16 
17 56 
20 1659 
615 614 
125 371 
140 205 
125 235 
956 240 
1134 1133 
136 141 
319 770 
269 834 
599 510 
470 105 
1660 1193 
601 56 
1014 871 
1166 603 
268 1178 
150 165 
189 252 
373 1661 
200 775 
1150 21 
142 1098 
1564 425 
1662 1596 
188 196 
89 371 
328 694 
1364 11 
289 475 
196 485 
661 196 
31 79 
171 579 
125 303 
1556 85 
616 319 
1090 123 
165 224 
264 1087 
50 422 
688 606 
1663 63 
639 830 
499 498 
492 1175 
290 196 
153 147 
335 13 
308 146 
300 159 
1308 414 
716 705 
21 388 
115 234 
328 557 
196 781 
29 672 
108 564 
106 1135 
1426 603 
451 83 
1490 87 
189 118 
319 181 
118 8 
83 395 
142 1223 
552 405 
269 288 
362 408 
1136 125 
13 114 
39 272 
378 93 
408 903 
26 1664 
267 807 
353 206 
525 524 
658 999 
106 1665 
463 1109 
263 118 
21 1236 
1069 275 
999 1463 
338 171 
314 244 
181 11 
64 929 
319 535 
31 958 
462 1117 
216 395 
269 579 
159 150 
136 322 
13 175 
721 269 
213 212 
1301 125 
402 1666 
26 50 
465 166 
533 13 
478 197 
74 1198 
196 1084 
134 133 
400 92 
328 487 
1667 296 
1352 1351 
328 719 
101 1459 
638 181 
245 601 
11 1451 
11 181 
56 407 
193 50 
1345 36 
813 264 
235 231 
142 546 
645 644 
1207 110 
1668 1583 
1633 296 
191 313 
1669 335 
147 401 
41 108 
166 252 
569 83 
92 888 
326 83 
1649 224 
73 1071 
196 713 
123 45 
1528 328 
1146 914 
384 67 
991 492 
673 1046 
693 67 
246 188 
157 116 
916 785 
892 412 
1295 67 
1557 83 
244 325 
355 206 
832 85 
279 424 
33 474 
255 245 
1004 550 
206 628 
1236 1669 
228 256 
141 67 
389 54 
475 159 
196 878 
1618 240 
1048 492 
57 54 
147 246 
598 597 
159 662 
1307 222 
54 419 
123 1022 
475 67 
63 968 
311 678 
221 833 
686 855 
1100 1099 
11 189 
11 1285 
1670 157 
546 123 
519 446 
1360 202 
162 36 
442 673 
31 150 
314 101 
663 402 
544 110 
136 321 
475 11 
269 208 
93 378 
320 872 
142 489 
791 510 
1665 106 
729 1092 
450 1602 
1292 13 
696 474 
18 244 
130 157 
245 333 
417 513 
1259 453 
1412 1492 
1470 350 
665 222 
1578 492 
1515 26 
860 212 
68 1671 
252 579 
70 114 
30 245 
1262 68 
683 83 
553 552 
319 1322 
137 39 
492 568 
245 150 
159 859 
1653 1652 
123 141 
1672 52 
767 766 
1673 1457 
1064 918 
145 1433 
50 1638 
11 342 
888 118 
209 157 
764 73 
206 1295 
1240 492 
712 949 
626 189 
142 443 
906 370 
10 776 
474 436 
101 781 
114 314 
494 196 
762 328 
903 136 
151 85 
888 252 
920 953 
1118 712 
136 135 
384 319 
893 85 
595 92 
1674 673 
674 56 
1622 50 
118 80 
108 33 
10 1532 
773 772 
602 63 
8 54 
124 580 
495 533 
712 362 
1181 159 
1501 570 
1314 101 
1169 791 
11 260 
922 157 
73 1658 
532 1029 
244 13 
101 1332 
1596 1662 
142 1675 
234 695 
45 317 
414 1484 
56 535 
1453 1468 
18 315 
319 282 
33 819 
33 174 
319 188 
1322 319 
2 89 
31 303 
267 402 
175 63 
66 54 
1270 1269 
107 581 
999 569 
1086 221 
1550 394 
603 569 
196 665 
1406 284 
94 93 
349 184 
216 579 
83 279 
885 1105 
235 216 
63 1663 
204 314 
925 1185 
54 229 
234 115 
796 171 
1623 641 
221 101 
652 652 
848 847 
245 653 
275 73 
33 874 
328 244 
328 288 
79 118 
31 938 
592 1344 
323 429 
886 347 
994 296 
73 1561 
474 60 
252 208 
708 849 
269 977 
252 1032 
626 670 
70 1123 
299 298 
32 1236 
132 711 
957 473 
1676 144 
68 731 
1315 83 
342 125 
245 124 
196 255 
492 897 
314 429 
463 492 
94 1023 
231 670 
760 759 
457 1614 
578 116 
1303 294 
222 443 
546 54 
1040 1453 
92 391 
48 1464 
63 897 
1088 409 
280 289 
1250 13 
101 541 
500 92 
159 99 
20 1677 
407 123 
81 80 
1024 570 
73 1011 
1594 191 
666 319 
609 11 
711 723 
11 634 
389 1678 
1029 1355 
19 29 
232 231 
63 1679 
269 1576 
171 1680 
389 265 
269 429 
478 487 
133 353 
11 421 
1189 758 
344 171 
222 1681 
56 597 
492 1435 
63 1123 
314 489 
876 1375 
275 589 
856 245 
1601 492 
267 784 
623 21 
11 500 
414 1459 
721 142 
32 159 
347 314 
236 235 
196 511 
425 1335 
1493 13 
903 408 
1669 1236 
1012 1648 
67 253 
1469 603 
196 1403 
62 83 
715 70 
311 1102 
1038 159 
1547 1298 
563 222 
1094 627 
277 1052 
344 389 
665 233 
910 317 
1675 142 
1656 269 
463 231 
31 349 
957 1486 
5 199 
938 206 
67 650 
721 252 
67 1090 
63 199 
206 244 
7 289 
150 196 
1229 800 
1474 63 
13 47 
243 785 
827 31 
688 118 
1364 1364 
317 269 
56 892 
553 1635 
123 207 
118 489 
175 67 
178 177 
1019 34 
41 420 
570 747 
19 1475 
641 269 
54 738 
1654 87 
77 1239 
942 837 
358 711 
123 188 
342 56 
10 1682 
2 1683 
234 344 
18 475 
67 55 
1549 570 
70 70 
31 895 
1059 1185 
828 474 
269 189 
196 150 
343 476 
857 171 
500 319 
613 376 
50 1064 
914 913 
1052 1596 
164 342 
310 629 
142 1684 
31 579 
269 317 
666 269 
85 63 
1577 362 
92 355 
779 68 
597 1197 
1588 492 
402 663 
182 1104 
409 748 
31 494 
437 63 
122 31 
1155 50 
1554 67 
257 206 
41 437 
67 688 
1441 597 
429 159 
579 252 
2 1221 
726 71 
5 570 
844 843 
1630 520 
133 565 
1415 108 
323 275 
282 712 
267 507 
1061 332 
1409 1408 
142 384 
197 13 
1204 68 
11 300 
1534 1533 
252 429 
67 613 
99 959 
18 1273 
347 133 
520 729 
54 1685 
394 92 
87 513 
1552 50 
216 280 
570 1024 
47 46 
201 1443 
159 487 
133 961 
807 33 
895 67 
1562 81 
389 606 
633 1686 
771 63 
142 177 
123 12 
445 174 
761 171 
92 30 
394 31 
132 550 
54 231 
83 679 
669 744 
1283 50 
80 50 
59 275 
234 197 
1036 896 
481 123 
196 542 
118 1123 
419 535 
395 700 
108 1641 
1266 92 
999 372 
750 1440 
202 43 
495 174 
714 196 
1631 257 
175 50 
63 469 
319 407 
63 779 
782 164 
50 13 
255 314 
231 327 
77 1130 
1038 50 
1464 48 
110 1207 
282 281 
116 578 
1018 1604 
1500 196 
1123 11 
1054 33 
709 1159 
256 150 
52 655 
1036 520 
31 147 
500 452 
375 636 
609 256 
123 355 
399 158 
700 516 
216 429 
199 5 
347 123 
1542 212 
80 118 
164 175 
500 142 
319 895 
767 142 
897 809 
1687 652 
286 136 
1130 77 
479 478 
13 199 
142 487 
125 1160 
70 914 
140 1688 
1006 389 
142 878 
142 661 
757 202 
196 1352 
902 481 
683 478 
222 910 
1573 710 
68 1689 
999 831 
698 465 
31 475 
92 244 
83 1475 
753 1176 
311 76 
251 250 
256 634 
739 132 
267 20 
605 1690 
56 803 
196 721 
723 123 
475 314 
332 661 
177 142 
142 349 
1078 474 
233 245 
1611 474 
370 369 
1164 150 
43 202 
284 1303 
252 189 
174 33 
11 161 
230 222 
391 31 
70 31 
565 429 
11 244 
206 455 
626 1437 
904 1691 
1574 11 
33 108 
324 1355 
1575 81 
602 70 
31 1374 
257 11 
67 342 
335 314 
724 918 
13 230 
31 346 
701 311 
192 182 
1396 332 
407 125 
833 221 
1591 767 
170 432 
17 408 
1255 1254 
50 26 
422 127 
13 830 
26 1692 
222 1693 
1211 1210 
142 1245 
618 640 
52 1672 
166 245 
68 177 
945 1597 
1194 803 
196 342 
247 328 
157 1670 
41 40 
582 492 
31 280 
1166 68 
164 481 
1566 67 
1018 1399 
31 650 
878 133 
76 1244 
999 470 
157 159 
93 31 
13 150 
582 429 
1558 124 
481 245 
206 355 
603 215 
121 1288 
68 411 
280 67 
142 1062 
952 5 
252 830 
269 1086 
67 443 
245 30 
245 233 
929 64 
1091 1090 
1058 1613 
144 1676 
1049 412 
1679 63 
886 695 
776 214 
530 171 
344 189 
136 251 
408 1694 
31 70 
469 11 
196 367 
1119 5 
566 67 
57 314 
269 181 
693 196 
1646 1408 
1460 284 
773 1423 
1607 48 
161 103 
1516 13 
1645 1468 
92 347 
782 31 
478 300 
107 22 
50 1283 
1050 394 
1537 348 
66 118 
605 235 
651 40 
168 159 
150 118 
887 314 
1540 108 
315 18 
1608 474 
1371 14 
1000 394 
1518 121 
7 118 
67 744 
606 389 
123 400 
340 339 
550 202 
222 385 
705 704 
159 1276 
735 121 
985 984 
598 373 
1695 181 
22 107 
1158 1157 
11 79 
473 1530 
682 67 
387 408 
196 662 
221 1086 
262 31 
546 319 
159 346 
1422 1421 
217 101 
18 1449 
118 12 
269 1602 
13 1680 
389 612 
216 147 
1365 26 
35 234 
222 1523 
1696 252 
776 1697 
141 123 
245 244 
98 97 
257 1631 
189 56 
819 33 
347 474 
579 168 
125 857 
377 53 
596 20 
1166 1483 
159 280 
1150 387 
177 56 
865 157 
1414 10 
652 1687 
171 908 
1028 252 
77 944 
1024 520 
501 343 
609 18 
67 603 
1442 710 
475 123 
1312 121 
223 776 
1621 723 
1698 409 
465 464 
196 500 
225 224 
235 520 
364 363 
527 1699 
1581 125 
520 1700 
13 511 
1086 269 
1637 252 
1643 1642 
355 164 
527 526 
132 131 
519 700 
52 1284 
358 4 
409 1701 
92 455 
961 133 
63 666 
252 1086 
776 299 
775 146 
513 1177 
553 209 
56 17 
872 962 
107 105 
22 1603 
4 1555 
999 651 
711 132 
21 1579 
1699 527 
92 400 
1502 2 
719 231 
846 845 
1486 1072 
799 67 
1425 137 
1638 50 
910 222 
168 1411 
357 1058 
641 904 
1181 156 
159 429 
409 1698 
1631 474 
118 153 
569 50 
320 611 
50 1119 
437 41 
296 1667 
174 25 
285 67 
252 322 
1077 794 
92 204 
1028 1702 
20 146 
158 1703 
168 1509 
142 280 
856 323 
1240 201 
198 791 
293 31 
348 1537 
36 1345 
362 669 
30 261 
474 478 
118 882 
1628 67 
181 1695 
269 244 
510 35 
92 601 
1221 802 
587 7 
1457 1673 
125 1640 
1193 1660 
201 67 
691 323 
240 956 
457 902 
125 1334 
1458 1457 
641 131 
190 189 
610 56 
504 182 
1327 213 
1213 1212 
510 487 
1456 1411 
384 81 
269 504 
142 353 
19 405 
328 35 
85 84 
1357 222 
50 1321 
328 181 
265 389 
408 1218 
377 18 
417 408 
1690 605 
1243 18 
231 463 
1570 720 
76 325 
206 353 
108 463 
1661 373 
487 510 
1411 1411 
535 67 
1193 950 
142 429 
1498 1193 
157 865 
414 413 
164 163 
691 1418 
105 658 
1058 820 
402 56 
73 1704 
11 224 
1577 107 
1087 121 
201 68 
728 644 
54 475 
175 13 
21 1464 
146 20 
471 159 
153 256 
637 1383 
695 136 
406 136 
116 329 
95 133 
1507 60 
314 563 
505 366 
1680 13 
123 1000 
157 1705 
1485 753 
389 60 
70 285 
1384 87 
244 11 
975 222 
144 435 
700 262 
661 206 
1119 142 
8 8 
133 836 
32 156 
13 533 
268 67 
246 500 
245 545 
920 919 
510 338 
530 83 
153 11 
323 1344 
231 797 
245 166 
859 54 
118 347 
707 22 
1123 902 
157 1085 
1112 11 
770 510 
115 123 
1613 1058 
328 796 
1016 452 
520 576 
26 445 
28 1286 
785 916 
752 142 
196 253 
830 252 
284 980 
63 402 
1421 70 
67 1044 
1545 16 
18 377 
16 741 
494 142 
1321 83 
63 108 
1689 68 
673 1674 
539 1706 
1417 373 
764 241 
520 1203 
354 269 
335 1669 
50 569 
1100 1381 
1390 817 
77 309 
11 938 
132 924 
133 1322 
1694 408 
1429 1428 
513 1073 
33 143 
13 244 
505 53 
67 546 
570 930 
7 106 
1345 920 
142 721 
252 132 
31 255 
159 36 
10 1414 
500 13 
171 796 
318 54 
902 830 
54 882 
147 216 
202 223 
511 206 
1437 626 
196 810 
1476 226 
500 206 
1038 319 
373 1417 
87 306 
786 140 
644 1022 
1188 16 
32 267 
255 202 
865 332 
1131 222 
402 33 
661 142 
712 1118 
299 776 
1085 402 
388 21 
476 56 
313 54 
872 194 
125 1136 
1129 1437 
357 252 
255 31 
1704 73 
83 80 
9 816 
827 67 
795 116 
80 350 
1625 1023 
73 1476 
1273 125 
146 282 
347 125 
1627 206 
196 1250 
294 1043 
67 1253 
664 398 
63 36 
92 124 
521 252 
602 208 
252 504 
666 196 
244 18 
157 136 
150 92 
108 594 
108 1424 
18 235 
489 67 
421 50 
136 247 
245 713 
26 1515 
1453 1453 
54 1462 
808 222 
1706 539 
1265 914 
147 379 
41 333 
222 172 
254 110 
252 1696 
1209 1073 
837 942 
314 300 
613 272 
196 634 
597 56 
67 859 
